0.5
0.666667
0.5
0.6
0.5
0.571429
0.5
0.444444
0.4
0.454545
0.416667
0.461538
0.428571
0.4
0.375
0.411765
0.388889
0.421053
0.4
0.380952
0.363636
0.391304
0.375
0.36
0.346154
0.333333
0.321429
0.344828
0.333333
0.354839
0.34375
0.333333
0.323529
0.314286
0.305556
0.324324
0.315789
0.307692
0.3
0.317073
0.309524
0.325581
0.318182
0.311111
0.304348
0.319149
0.3125
0.306122
0.3
0.294118
0.288462
0.301887
0.296296
0.290909
0.285714
0.280702
0.275862
0.288136
0.283333
0.295082
0.290323
0.285714
0.28125
0.276923
0.272727
0.283582
0.279412
0.275362
0.271429
0.28169
0.277778
0.287671
0.283784
0.28
0.276316
0.272727
0.269231
0.278481
0.275
0.271605
0.268293
0.277108
0.27381
0.270588
0.267442
0.264368
0.261364
0.269663
0.266667
0.263736
0.26087
0.258065
0.255319
0.252632
0.25
0.257732
0.255102
0.252525
0.25
0.257426
0.254902
0.262136
0.259615
0.257143
0.254717
0.261682
0.259259
0.266055
0.263636
0.261261
0.258929
0.265487
0.263158
0.26087
0.258621
0.25641
0.254237
0.252101
0.25
0.247934
0.245902
0.243902
0.241935
0.24
0.238095
0.244094
0.242188
0.24031
0.238462
0.244275
0.242424
0.240602
0.238806
0.237037
0.235294
0.240876
0.23913
0.244604
0.242857
0.241135
0.239437
0.237762
0.236111
0.234483
0.232877
0.231293
0.22973
0.234899
0.233333
0.238411
0.236842
0.235294
0.233766
0.232258
0.230769
0.235669
0.234177
0.232704
0.23125
0.229814
0.228395
0.233129
0.231707
0.230303
0.228916
0.233533
0.232143
0.230769
0.229412
0.22807
0.226744
0.231214
0.229885
0.228571
0.227273
0.225989
0.224719
0.22905
0.227778
0.232044
0.230769
0.229508
0.228261
0.227027
0.225806
0.224599
0.223404
0.222222
0.221053
0.225131
0.223958
0.227979
0.226804
0.225641
0.22449
0.228426
0.227273
0.231156
0.23
0.228856
0.227723
0.226601
0.22549
0.22439
0.223301
0.222222
0.221154
0.220096
0.219048
0.222749
0.221698
0.220657
0.219626
0.218605
0.217593
0.21659
0.215596
0.214612
0.213636
0.21267
0.211712
0.215247
0.214286
0.213333
0.212389
0.215859
0.214912
0.218341
0.217391
0.21645
0.215517
0.218884
0.217949
0.217021
0.216102
0.21519
0.214286
0.217573
0.216667
0.219917
0.219008
0.218107
0.217213
0.216327
0.215447
0.214575
0.21371
0.212851
0.212
0.215139
0.214286
0.213439
0.212598
0.211765
0.210938
0.214008
0.213178
0.212355
0.211538
0.210728
0.209924
0.212928
0.212121
0.211321
0.210526
0.209738
0.208955
0.211896
0.211111
0.214022
0.213235
0.212454
0.211679
0.210909
0.210145
0.212996
0.21223
0.21147
0.210714
0.213523
0.212766
0.215548
0.214789
0.214035
0.213287
0.212544
0.211806
0.211073
0.210345
0.209622
0.208904
0.211604
0.210884
0.210169
0.209459
0.208754
0.208054
0.207358
0.206667
0.20598
0.205298
0.20462
0.203947
0.203279
0.202614
0.205212
0.204545
0.203883
0.203226
0.205788
0.205128
0.207668
0.207006
0.206349
0.205696
0.208202
0.207547
0.206897
0.20625
0.205607
0.204969
0.204334
0.203704
0.203077
0.202454
0.201835
0.20122
0.200608
0.2
0.202417
0.201807
0.201201
0.200599
0.2
0.199405
0.20178
0.201183
0.20059
0.2
0.199413
0.19883
0.198251
0.197674
0.197101
0.196532
0.198847
0.198276
0.200573
0.2
0.19943
0.198864
0.201133
0.200565
0.2
0.199438
0.19888
0.198324
0.200557
0.2
0.199446
0.198895
0.198347
0.197802
0.19726
0.196721
0.19891
0.19837
0.197832
0.197297
0.196765
0.196237
0.198391
0.197861
0.197333
0.196809
0.196286
0.195767
0.197889
0.197368
0.19685
0.196335
0.198433
0.197917
0.197403
0.196891
0.196382
0.195876
0.197943
0.197436
0.196931
0.196429
0.195929
0.195431
0.194937
0.194444
0.196474
0.19598
0.195489
0.195
0.197007
0.196517
0.19603
0.195545
0.195062
0.194581
0.194103
0.193627
0.195599
0.195122
0.194647
0.194175
0.193705
0.193237
0.192771
0.192308
0.191847
0.191388
0.193317
0.192857
0.194774
0.194313
0.193853
0.193396
0.192941
0.192488
0.192037
0.191589
0.191142
0.190698
0.192575
0.19213
0.193995
0.193548
0.193103
0.192661
0.19222
0.191781
0.193622
0.193182
0.192744
0.192308
0.194131
0.193694
0.193258
0.192825
0.192394
0.191964
0.193764
0.193333
0.192905
0.192478
0.192053
0.19163
0.191209
0.190789
0.19256
0.19214
0.191721
0.191304
0.193059
0.192641
0.194384
0.193966
0.193548
0.193133
0.194861
0.194444
0.19403
0.193617
0.193206
0.192797
0.192389
0.191983
0.191579
0.191176
0.190776
0.190377
0.192067
0.191667
0.191268
0.190871
0.190476
0.190083
0.189691
0.1893
0.190965
0.190574
0.190184
0.189796
0.191446
0.191057
0.190669
0.190283
0.189899
0.189516
0.189135
0.188755
0.190381
0.19
0.189621
0.189243
0.190855
0.190476
0.190099
0.189723
0.189349
0.188976
0.19057
0.190196
0.189824
0.189453
0.189084
0.188716
0.18835
0.187984
0.187621
0.187259
0.186898
0.186538
0.1881
0.187739
0.189293
0.188931
0.188571
0.188213
0.187856
0.1875
0.187146
0.186792
0.186441
0.18609
0.185741
0.185393
0.185047
0.184701
0.184358
0.184015
0.183673
0.183333
0.184843
0.184502
0.184162
0.183824
0.183486
0.18315
0.184644
0.184307
0.183971
0.183636
0.183303
0.182971
0.18264
0.18231
0.181982
0.181655
0.183124
0.182796
0.182469
0.182143
0.181818
0.181495
0.182948
0.182624
0.182301
0.181979
0.181658
0.181338
0.182777
0.182456
0.183888
0.183566
0.183246
0.182927
0.182609
0.182292
0.183709
0.183391
0.183074
0.182759
0.182444
0.182131
0.181818
0.181507
0.181197
0.180887
0.182283
0.181973
0.181664
0.181356
0.181049
0.180743
0.182125
0.181818
0.181513
0.181208
0.180905
0.180602
0.18197
0.181667
0.183028
0.182724
0.182421
0.182119
0.181818
0.181518
0.182867
0.182566
0.182266
0.181967
0.181669
0.181373
0.182708
0.18241
0.182114
0.181818
0.183144
0.182848
0.184168
0.183871
0.183575
0.18328
0.182986
0.182692
0.1824
0.182109
0.181818
0.181529
0.18124
0.180952
0.18225
0.181962
0.181675
0.181388
0.181102
0.180818
0.180534
0.180251
0.179969
0.179688
0.180967
0.180685
0.18196
0.181677
0.181395
0.181115
0.18238
0.182099
0.181818
0.181538
0.18126
0.180982
0.182236
0.181957
0.181679
0.181402
0.181126
0.180851
0.182094
0.181818
0.183056
0.182779
0.182504
0.182229
0.181955
0.181682
0.181409
0.181138
0.180867
0.180597
0.180328
0.18006
0.181278
0.181009
0.180741
0.180473
0.181684
0.181416
0.181149
0.180882
0.180617
0.180352
0.181552
0.181287
0.181022
0.180758
0.180495
0.180233
0.179971
0.17971
0.180897
0.180636
0.180375
0.180115
0.179856
0.179598
0.17934
0.179083
0.178827
0.178571
0.179743
0.179487
0.179232
0.178977
0.178723
0.17847
0.178218
0.177966
0.179126
0.178873
0.178622
0.178371
0.178121
0.177871
0.177622
0.177374
0.177127
0.17688
0.178025
0.177778
0.177531
0.177285
0.17704
0.176796
0.176552
0.176309
0.177442
0.177198
0.176955
0.176712
0.176471
0.17623
0.177353
0.177112
0.176871
0.17663
0.176391
0.176152
0.177267
0.177027
0.176788
0.17655
0.177658
0.177419
0.177181
0.176944
0.176707
0.176471
0.176235
0.176
0.177097
0.176862
0.176627
0.176393
0.176159
0.175926
0.177015
0.176781
0.176548
0.176316
0.177398
0.177165
0.176933
0.176702
0.176471
0.17624
0.17601
0.175781
0.176853
0.176623
0.176394
0.176166
0.177232
0.177003
0.176774
0.176546
0.176319
0.176093
0.175866
0.175641
0.175416
0.175192
0.174968
0.174745
0.174522
0.1743
0.175349
0.175127
0.174905
0.174684
0.174463
0.174242
0.174023
0.173804
0.173585
0.173367
0.174404
0.174185
0.173967
0.17375
0.173533
0.173317
0.173101
0.172886
0.172671
0.172457
0.172243
0.17203
0.173053
0.17284
0.173859
0.173645
0.173432
0.173219
0.173006
0.172794
0.172583
0.172372
0.172161
0.171951
0.17296
0.172749
0.173755
0.173544
0.173333
0.173123
0.174123
0.173913
0.17491
0.174699
0.174489
0.174279
0.17407
0.173861
0.173653
0.173445
0.173238
0.173031
0.174017
0.17381
0.173603
0.173397
0.173191
0.172986
0.172781
0.172577
0.172373
0.17217
0.171967
0.171765
0.171563
0.171362
0.172333
0.172131
0.17193
0.171729
0.172695
0.172494
0.173458
0.173256
0.173055
0.172854
0.173812
0.173611
0.17341
0.17321
0.17301
0.172811
0.172612
0.172414
0.172216
0.172018
0.171821
0.171625
0.171429
0.171233
0.172178
0.171982
0.171786
0.171591
0.172531
0.172336
0.173273
0.173077
0.172881
0.172686
0.173619
0.173423
0.173228
0.173034
0.17284
0.172646
0.172452
0.17226
0.172067
0.171875
0.171683
0.171492
0.171301
0.171111
0.170921
0.170732
0.170543
0.170354
0.170166
0.169978
0.170893
0.170705
0.170517
0.17033
0.17124
0.171053
0.170865
0.170678
0.170492
0.170306
0.17012
0.169935
0.170838
0.170652
0.170467
0.170282
0.170098
0.169913
0.16973
0.169546
0.169364
0.169181
0.170075
0.169892
0.16971
0.169528
0.169346
0.169165
0.168984
0.168803
0.169691
0.16951
0.169329
0.169149
0.170032
0.169851
0.169671
0.169492
0.169312
0.169133
0.170011
0.169831
0.169652
0.169474
0.169295
0.169118
0.16999
0.169811
0.169634
0.169456
0.169279
0.169102
0.168926
0.16875
0.168574
0.168399
0.168224
0.16805
0.167876
0.167702
0.168563
0.168388
0.168215
0.168041
0.168898
0.168724
0.168551
0.168378
0.168205
0.168033
0.168884
0.168712
0.168539
0.168367
0.168196
0.168024
0.168871
0.168699
0.168528
0.168357
0.168186
0.168016
0.167846
0.167677
0.168517
0.168347
0.168177
0.168008
0.167839
0.167671
0.168506
0.168337
0.168168
0.168
0.167832
0.167665
0.167498
0.167331
0.167164
0.166998
0.166832
0.166667
0.167493
0.167327
0.167161
0.166996
0.167818
0.167653
0.167488
0.167323
0.167158
0.166994
0.167812
0.167647
0.168462
0.168297
0.168133
0.167969
0.167805
0.167641
0.167478
0.167315
0.167153
0.16699
0.167798
0.167636
0.168441
0.168279
0.168116
0.167954
0.167792
0.16763
0.168431
0.168269
0.168108
0.167946
0.167785
0.167625
0.167464
0.167304
0.167144
0.166985
0.167779
0.167619
0.168411
0.168251
0.168091
0.167932
0.167773
0.167614
0.167455
0.167297
0.167139
0.166981
0.167766
0.167608
0.168391
0.168233
0.168075
0.167917
0.16776
0.167603
0.168382
0.168224
0.168067
0.16791
0.167754
0.167598
0.167442
0.167286
0.167131
0.166976
0.166821
0.166667
0.166512
0.166359
0.166205
0.166052
0.165899
0.165746
0.166513
0.16636
0.166208
0.166055
0.166819
0.166667
0.167429
0.167276
0.167123
0.166971
0.16773
0.167577
0.167425
0.167273
0.167121
0.166969
0.167724
0.167572
0.167421
0.167269
0.167118
0.166968
0.167719
0.167568
0.167417
0.167266
0.167116
0.166966
0.166816
0.166667
0.167413
0.167263
0.167113
0.166964
0.166815
0.166667
0.167409
0.16726
0.167111
0.166963
0.166815
0.166667
0.167405
0.167257
0.167109
0.166961
0.166814
0.166667
0.16652
0.166373
0.166227
0.166081
0.165935
0.165789
0.165644
0.165499
0.165354
0.16521
0.165065
0.164921
0.164778
0.164634
0.164491
0.164348
0.165074
0.164931
0.165655
0.165511
0.165368
0.165225
0.165082
0.16494
0.164797
0.164655
0.164513
0.164372
0.16509
0.164948
0.164807
0.164666
0.164524
0.164384
0.164243
0.164103
0.164816
0.164676
0.164535
0.164395
0.164255
0.164116
0.163976
0.163837
0.163698
0.163559
0.164268
0.164129
0.16399
0.163851
0.163713
0.163575
0.16428
0.164141
0.164003
0.163866
0.163728
0.163591
0.164292
0.164154
0.164017
0.16388
0.163743
0.163606
0.16347
0.163333
0.16403
0.163894
0.163757
0.163621
0.163485
0.16335
0.163215
0.163079
0.162945
0.16281
0.162675
0.162541
0.163232
0.163097
0.162963
0.162829
0.163517
0.163383
0.163249
0.163115
0.162981
0.162848
0.163532
0.163399
0.163265
0.163132
0.162999
0.162866
0.163548
0.163415
0.164094
0.163961
0.163828
0.163695
0.163563
0.16343
0.164107
0.163974
0.163842
0.16371
0.163578
0.163446
0.163315
0.163183
0.163052
0.162921
0.162791
0.16266
0.163331
0.1632
0.16307
0.162939
0.162809
0.162679
0.16255
0.16242
0.162291
0.162162
0.162828
0.162698
0.162569
0.162441
0.162312
0.162184
0.162055
0.161927
0.1618
0.161672
0.161545
0.161417
0.16129
0.161164
0.161037
0.160911
0.160784
0.160658
0.161316
0.161189
0.161845
0.161719
0.161592
0.161466
0.16212
0.161994
0.161868
0.161742
0.161616
0.161491
0.162141
0.162015
0.162665
0.162539
0.162413
0.162287
0.162162
0.162037
0.162683
0.162558
0.162433
0.162308
0.162952
0.162826
0.163469
0.163344
0.163218
0.163093
0.163734
0.163609
0.163484
0.163359
0.163234
0.16311
0.162986
0.162861
0.162738
0.162614
0.162491
0.162367
0.163002
0.162879
0.163512
0.163389
0.163265
0.163142
0.163019
0.162896
0.163527
0.163404
0.163281
0.163158
0.163035
0.162913
0.162791
0.162669
0.162547
0.162425
0.162304
0.162182
0.162061
0.16194
0.16182
0.161699
0.161579
0.161458
0.161338
0.161218
0.161099
0.160979
0.16086
0.160741
0.160622
0.160503
0.160384
0.160266
0.160148
0.16003
0.159912
0.159794
0.159676
0.159559
0.160176
0.160059
0.159941
0.159824
0.159707
0.15959
0.160205
0.160088
0.159971
0.159854
0.159737
0.159621
0.160233
0.160116
0.16
0.159884
0.159768
0.159652
0.159536
0.15942
0.160029
0.159913
0.159798
0.159682
0.159567
0.159452
0.159337
0.159222
0.159107
0.158993
0.158879
0.158764
0.15865
0.158537
0.158423
0.158309
0.158196
0.158083
0.158685
0.158571
0.158458
0.158345
0.158232
0.15812
0.158007
0.157895
0.157783
0.15767
0.158268
0.158156
0.158044
0.157932
0.15782
0.157709
0.157597
0.157486
0.157375
0.157264
0.157153
0.157042
0.156932
0.156821
0.157414
0.157303
0.157193
0.157083
0.157673
0.157563
0.158153
0.158042
0.157932
0.157821
0.158409
0.158298
0.158188
0.158078
0.157968
0.157858
0.158443
0.158333
0.158223
0.158114
0.158004
0.157895
0.157785
0.157676
0.158258
0.158149
0.15804
0.157931
0.158511
0.158402
0.158981
0.158872
0.158763
0.158654
0.158545
0.158436
0.159013
0.158904
0.158795
0.158687
0.158578
0.15847
0.158362
0.158254
0.158146
0.158038
0.157931
0.157823
0.158396
0.158288
0.158181
0.158073
0.157966
0.157859
0.157752
0.157645
0.157539
0.157432
0.158001
0.157895
0.158463
0.158356
0.158249
0.158143
0.158709
0.158602
0.159167
0.15906
0.158954
0.158847
0.159411
0.159304
0.159197
0.159091
0.158985
0.158879
0.15944
0.159333
0.159227
0.159121
0.159015
0.15891
0.158804
0.158699
0.158593
0.158488
0.158383
0.158278
0.158835
0.15873
0.158625
0.15852
0.158416
0.158311
0.158207
0.158103
0.157999
0.157895
0.157791
0.157687
0.15824
0.158136
0.158033
0.157929
0.157826
0.157723
0.157619
0.157516
0.158067
0.157963
0.15786
0.157757
0.157655
0.157552
0.15745
0.157347
0.157245
0.157143
0.157041
0.156939
0.157485
0.157383
0.157282
0.15718
0.157078
0.156977
0.157521
0.157419
0.157318
0.157216
0.157759
0.157658
0.157556
0.157455
0.157354
0.157253
0.157793
0.157692
0.157591
0.15749
0.15739
0.157289
0.157189
0.157088
0.157626
0.157526
0.157425
0.157325
0.157861
0.157761
0.157661
0.15756
0.15746
0.15736
0.157261
0.157161
0.157695
0.157595
0.157495
0.157396
0.157928
0.157828
0.157729
0.157629
0.15753
0.157431
0.157332
0.157233
0.157134
0.157035
0.156937
0.156838
0.15674
0.156642
0.15717
0.157071
0.156973
0.156875
0.157402
0.157303
0.157205
0.157107
0.157009
0.156912
0.157436
0.157338
0.157862
0.157764
0.157666
0.157568
0.158091
0.157993
0.157895
0.157797
0.157699
0.157602
0.158122
0.158025
0.158544
0.158446
0.158349
0.158251
0.158154
0.158057
0.158574
0.158477
0.158379
0.158282
0.158185
0.158088
0.157991
0.157895
0.157798
0.157702
0.158216
0.15812
0.158023
0.157927
0.157831
0.157734
0.157638
0.157543
0.157447
0.157351
0.157256
0.15716
0.157065
0.15697
0.156875
0.15678
0.156685
0.15659
0.156495
0.156401
0.15691
0.156815
0.156721
0.156627
0.156532
0.156438
0.156945
0.156851
0.156757
0.156663
0.157169
0.157074
0.157579
0.157485
0.157391
0.157297
0.157203
0.157109
0.157015
0.156921
0.156828
0.156734
0.156641
0.156548
0.156454
0.156361
0.156269
0.156176
0.156083
0.155991
0.155898
0.155806
0.155713
0.155621
0.155529
0.155437
0.155936
0.155844
0.155752
0.15566
0.156158
0.156066
0.156563
0.156471
0.156379
0.156287
0.156195
0.156103
0.156012
0.15592
0.155829
0.155738
0.156232
0.15614
0.156049
0.155958
0.155867
0.155776
0.155685
0.155594
0.155504
0.155413
0.155323
0.155233
0.155723
0.155633
0.156123
0.156032
0.155942
0.155852
0.155761
0.155671
0.155581
0.155491
0.155401
0.155312
0.155799
0.155709
0.15562
0.15553
0.15544
0.155351
0.155262
0.155172
0.155658
0.155568
0.155479
0.15539
0.155301
0.155212
0.155695
0.155606
0.155517
0.155429
0.15534
0.155251
0.155733
0.155644
0.155556
0.155467
0.155378
0.15529
0.15577
0.155682
0.155593
0.155505
0.155417
0.155329
0.155241
0.155153
0.155065
0.154977
0.15489
0.154802
0.154715
0.154628
0.15454
0.154453
0.154366
0.154279
0.154755
0.154668
0.154581
0.154494
0.154408
0.154321
0.154795
0.154709
0.154622
0.154535
0.155008
0.154922
0.155394
0.155307
0.155221
0.155134
0.155047
0.154961
0.154875
0.154788
0.154702
0.154616
0.15453
0.154444
0.154914
0.154828
0.154742
0.154656
0.154571
0.154485
0.1544
0.154314
0.154229
0.154144
0.154611
0.154525
0.15444
0.154355
0.15427
0.154185
0.1541
0.154015
0.153931
0.153846
0.153762
0.153677
0.154142
0.154057
0.153973
0.153888
0.153804
0.15372
0.153636
0.153552
0.154014
0.15393
0.153846
0.153762
0.153678
0.153595
0.153511
0.153428
0.153344
0.153261
0.153178
0.153094
0.153011
0.152928
0.152846
0.152763
0.153221
0.153139
0.153056
0.152973
0.15289
0.152808
0.152725
0.152643
0.152561
0.152478
0.152396
0.152314
0.152232
0.152151
0.152606
0.152524
0.152442
0.152361
0.152279
0.152197
0.152651
0.15257
0.152488
0.152406
0.152859
0.152778
0.15323
0.153148
0.153067
0.152985
0.153436
0.153355
0.153805
0.153723
0.153642
0.15356
0.153478
0.153397
0.153316
0.153234
0.153153
0.153072
0.15352
0.153439
0.153358
0.153277
0.153196
0.153115
0.153034
0.152954
0.152873
0.152792
0.152712
0.152632
0.153077
0.152997
0.152916
0.152836
0.152756
0.152676
0.15312
0.15304
0.15296
0.15288
0.1528
0.15272
0.153163
0.153083
0.153003
0.152923
0.152843
0.152763
0.152684
0.152604
0.152525
0.152445
0.152366
0.152287
0.152208
0.152129
0.15205
0.151971
0.151892
0.151813
0.152253
0.152174
0.152613
0.152534
0.152455
0.152376
0.152297
0.152219
0.15214
0.152062
0.151984
0.151905
0.151827
0.151749
0.151671
0.151593
0.151515
0.151437
0.151873
0.151795
0.15223
0.152152
0.152074
0.151996
0.151918
0.15184
0.151763
0.151685
0.151608
0.151531
0.151453
0.151376
0.151299
0.151222
0.151145
0.151068
0.150991
0.150915
0.150838
0.150761
0.150685
0.150609
0.151039
0.150963
0.150886
0.15081
0.150733
0.150657
0.151086
0.15101
0.150934
0.150858
0.150782
0.150706
0.15063
0.150554
0.150981
0.150905
0.15083
0.150754
0.150678
0.150602
0.151029
0.150953
0.150877
0.150802
0.151227
0.151151
0.151576
0.1515
0.151424
0.151349
0.151772
0.151697
0.151621
0.151545
0.15147
0.151394
0.151319
0.151244
0.151666
0.15159
0.151515
0.15144
0.151365
0.15129
0.15171
0.151635
0.15156
0.151485
0.15141
0.151335
0.151261
0.151186
0.151111
0.151037
0.151455
0.151381
0.151799
0.151724
0.151649
0.151575
0.1515
0.151426
0.151351
0.151277
0.151203
0.151129
0.151545
0.151471
0.151396
0.151322
0.151248
0.151174
0.1511
0.151026
0.150953
0.150879
0.150805
0.150732
0.150658
0.150585
0.150999
0.150925
0.150852
0.150778
0.150705
0.150632
0.150559
0.150485
0.150412
0.150339
0.150751
0.150678
0.150605
0.150532
0.15046
0.150387
0.150797
0.150725
0.150652
0.150579
0.150507
0.150434
0.150361
0.150289
0.150217
0.150144
0.150072
0.15
0.150408
0.150336
0.150744
0.150672
0.1506
0.150527
0.150934
0.150862
0.151269
0.151196
0.151124
0.151052
0.150979
0.150907
0.150835
0.150763
0.150691
0.15062
0.151024
0.150952
0.150881
0.150809
0.150737
0.150665
0.150594
0.150522
0.150451
0.15038
0.150308
0.150237
0.15064
0.150568
0.15097
0.150899
0.150827
0.150756
0.150685
0.150614
0.150543
0.150472
0.150401
0.15033
0.150259
0.150188
0.150118
0.150047
0.149976
0.149906
0.150305
0.150235
0.150633
0.150563
0.150492
0.150422
0.150351
0.150281
0.150679
0.150608
0.150538
0.150467
0.150864
0.150794
0.15119
0.151119
0.151049
0.150979
0.150908
0.150838
0.150768
0.150698
0.150628
0.150558
0.150952
0.150882
0.150812
0.150742
0.150672
0.150602
0.150533
0.150463
0.150856
0.150786
0.150717
0.150647
0.150577
0.150508
0.150438
0.150369
0.1503
0.15023
0.150161
0.150092
0.150023
0.149954
0.149885
0.149816
0.149747
0.149679
0.150069
0.15
0.149931
0.149863
0.149794
0.149725
0.149657
0.149588
0.14952
0.149452
0.149383
0.149315
0.149247
0.149179
0.149111
0.149043
0.148975
0.148907
0.148839
0.148772
0.148704
0.148636
0.148569
0.148501
0.148888
0.14882
0.148753
0.148685
0.149071
0.149004
0.148936
0.148869
0.148801
0.148734
0.149119
0.149051
0.148984
0.148917
0.14885
0.148783
0.148716
0.148649
0.149032
0.148965
0.148898
0.148831
0.148764
0.148697
0.14863
0.148564
0.148497
0.14843
0.148364
0.148297
0.148231
0.148165
0.148098
0.148032
0.148413
0.148347
0.148727
0.148661
0.148594
0.148528
0.148908
0.148841
0.148775
0.148709
0.148643
0.148577
0.14851
0.148444
0.148823
0.148757
0.148691
0.148625
0.148559
0.148493
0.148427
0.148361
0.148296
0.14823
0.148165
0.148099
0.148034
0.147968
0.147903
0.147838
0.148213
0.148148
0.148524
0.148458
0.148393
0.148327
0.148702
0.148637
0.148571
0.148506
0.148441
0.148376
0.148311
0.148246
0.148619
0.148554
0.148489
0.148424
0.148359
0.148294
0.148666
0.148601
0.148536
0.148472
0.148407
0.148342
0.148713
0.148649
0.148584
0.148519
0.14889
0.148825
0.14876
0.148696
0.148631
0.148566
0.148502
0.148438
0.148373
0.148309
0.148244
0.14818
0.148549
0.148485
0.148853
0.148789
0.148725
0.14866
0.148596
0.148532
0.148468
0.148404
0.14834
0.148276
0.148212
0.148148
0.148084
0.148021
0.147957
0.147893
0.14783
0.147766
0.147703
0.147639
0.147576
0.147513
0.147878
0.147815
0.147752
0.147688
0.147625
0.147562
0.147926
0.147863
0.148227
0.148164
0.148101
0.148038
0.147974
0.147911
0.148274
0.148211
0.148148
0.148085
0.148447
0.148384
0.148321
0.148258
0.148195
0.148132
0.148494
0.148431
0.148368
0.148305
0.148242
0.14818
0.148117
0.148054
0.147992
0.147929
0.147867
0.147804
0.147742
0.147679
0.148039
0.147976
0.147914
0.147852
0.147789
0.147727
0.148086
0.148024
0.147961
0.147899
0.148257
0.148195
0.148552
0.14849
0.148428
0.148365
0.148303
0.148241
0.148598
0.148536
0.148473
0.148411
0.148767
0.148705
0.148643
0.148581
0.148519
0.148457
0.148812
0.14875
0.148688
0.148626
0.148564
0.148502
0.148441
0.148379
0.148317
0.148256
0.148194
0.148133
0.148486
0.148425
0.148363
0.148302
0.14824
0.148179
0.148531
0.14847
0.148408
0.148347
0.148286
0.148225
0.148576
0.148515
0.148454
0.148392
0.148331
0.14827
0.148209
0.148148
0.148087
0.148026
0.147965
0.147905
0.147844
0.147783
0.148133
0.148072
0.148011
0.147951
0.1483
0.148239
0.148178
0.148118
0.148057
0.147997
0.148345
0.148284
0.148224
0.148163
0.148103
0.148042
0.147982
0.147922
0.147862
0.147801
0.147741
0.147681
0.148028
0.147967
0.147907
0.147847
0.147787
0.147727
0.147667
0.147607
0.147953
0.147893
0.147833
0.147773
0.147713
0.147654
0.147998
0.147939
0.147879
0.147819
0.148163
0.148103
0.148044
0.147984
0.147924
0.147865
0.147805
0.147746
0.147686
0.147627
0.147567
0.147508
0.147449
0.14739
0.14733
0.147271
0.147212
0.147153
0.147094
0.147035
0.146976
0.146918
0.146859
0.1468
0.146741
0.146683
0.147024
0.146965
0.146906
0.146848
0.146789
0.14673
0.146672
0.146614
0.146555
0.146497
0.146439
0.14638
0.146322
0.146264
0.146206
0.146148
0.14609
0.146032
0.14637
0.146312
0.146254
0.146197
0.146139
0.146081
0.146023
0.145965
0.145907
0.14585
0.146187
0.14613
0.146072
0.146014
0.145957
0.145899
0.145842
0.145784
0.146121
0.146063
0.146006
0.145948
0.146284
0.146226
0.146169
0.146112
0.146054
0.145997
0.146332
0.146275
0.146609
0.146552
0.146494
0.146437
0.14638
0.146322
0.146656
0.146599
0.146542
0.146484
0.146427
0.14637
0.146313
0.146256
0.146199
0.146142
0.146085
0.146028
0.145971
0.145914
0.145858
0.145801
0.145744
0.145688
0.145631
0.145575
0.145518
0.145462
0.145793
0.145736
0.14568
0.145624
0.145567
0.145511
0.145455
0.145398
0.145342
0.145286
0.14523
0.145174
0.145504
0.145448
0.145777
0.145721
0.145665
0.145609
0.145553
0.145497
0.145441
0.145385
0.145329
0.145273
0.145217
0.145161
0.145106
0.14505
0.144994
0.144939
0.145266
0.145211
0.145155
0.1451
0.145044
0.144989
0.144933
0.144878
0.145204
0.145149
0.145094
0.145038
0.145364
0.145309
0.145254
0.145198
0.145143
0.145088
0.145032
0.144977
0.144922
0.144867
0.144812
0.144757
0.145082
0.145027
0.144972
0.144917
0.144862
0.144807
0.144752
0.144697
0.144642
0.144587
0.144533
0.144478
0.144423
0.144369
0.144692
0.144637
0.144583
0.144528
0.144474
0.144419
0.144365
0.14431
0.144256
0.144202
0.144524
0.14447
0.144791
0.144737
0.144682
0.144628
0.144949
0.144895
0.144841
0.144786
0.144732
0.144678
0.144623
0.144569
0.14489
0.144835
0.144781
0.144727
0.144673
0.144619
0.144938
0.144884
0.14483
0.144776
0.144722
0.144668
0.144987
0.144933
0.144879
0.144825
0.145143
0.145089
0.145407
0.145353
0.145299
0.145245
0.145563
0.145509
0.145455
0.145401
0.145347
0.145293
0.145609
0.145556
0.145502
0.145448
0.145394
0.14534
0.145287
0.145233
0.145549
0.145495
0.145441
0.145387
0.145703
0.145649
0.145964
0.14591
0.145856
0.145803
0.145749
0.145695
0.14601
0.145956
0.145902
0.145849
0.145795
0.145742
0.145688
0.145635
0.145581
0.145528
0.145841
0.145788
0.1461
0.146047
0.145993
0.14594
0.145887
0.145833
0.14578
0.145727
0.145674
0.14562
0.145932
0.145879
0.145826
0.145773
0.145719
0.145666
0.145613
0.14556
0.145871
0.145818
0.145765
0.145712
0.146023
0.145969
0.145917
0.145864
0.145811
0.145758
0.145705
0.145652
0.145599
0.145547
0.145494
0.145441
0.145389
0.145336
0.145645
0.145592
0.14554
0.145487
0.145435
0.145382
0.14533
0.145278
0.145225
0.145173
0.145481
0.145428
0.145376
0.145324
0.145271
0.145219
0.145167
0.145115
0.145063
0.145011
0.144959
0.144907
0.145213
0.145161
0.145468
0.145415
0.145363
0.145311
0.145259
0.145207
0.145513
0.145461
0.145409
0.145357
0.145662
0.14561
0.145915
0.145863
0.145811
0.145759
0.145707
0.145655
0.145603
0.145552
0.1455
0.145448
0.145396
0.145345
0.145293
0.145241
0.14519
0.145138
0.145442
0.14539
0.145339
0.145287
0.145236
0.145184
0.145133
0.145081
0.14503
0.144979
0.144928
0.144876
0.144825
0.144774
0.145076
0.145025
0.144974
0.144922
0.145224
0.145173
0.145122
0.14507
0.145019
0.144968
0.145269
0.145218
0.145167
0.145116
0.145065
0.145014
0.144963
0.144912
0.145212
0.145161
0.14511
0.14506
0.145009
0.144958
0.145257
0.145206
0.145156
0.145105
0.145404
0.145353
0.145302
0.145251
0.145201
0.14515
0.145099
0.145049
0.144998
0.144948
0.144897
0.144847
0.144796
0.144746
0.144696
0.144645
0.144595
0.144545
0.144842
0.144792
0.144741
0.144691
0.144641
0.144591
0.144541
0.144491
0.144787
0.144737
0.144687
0.144637
0.144587
0.144537
0.144487
0.144437
0.144387
0.144337
0.144632
0.144582
0.144533
0.144483
0.144433
0.144383
0.144678
0.144628
0.144578
0.144529
0.144479
0.144429
0.144723
0.144674
0.144624
0.144574
0.144525
0.144475
0.144425
0.144376
0.144669
0.14462
0.14457
0.144521
0.144471
0.144422
0.144372
0.144323
0.144274
0.144224
0.144517
0.144467
0.144418
0.144369
0.144319
0.14427
0.144221
0.144172
0.144123
0.144074
0.144025
0.143975
0.144267
0.144218
0.144169
0.14412
0.144071
0.144022
0.143973
0.143924
0.143875
0.143826
0.143778
0.143729
0.14368
0.143631
0.143921
0.143873
0.143824
0.143775
0.144065
0.144016
0.143968
0.143919
0.14387
0.143822
0.144111
0.144062
0.144013
0.143965
0.143916
0.143868
0.144156
0.144108
0.144396
0.144347
0.144299
0.14425
0.144202
0.144153
0.144105
0.144056
0.144008
0.14396
0.143911
0.143863
0.143815
0.143767
0.143719
0.14367
0.143622
0.143574
0.143526
0.143478
0.14343
0.143382
0.143334
0.143287
0.143239
0.143191
0.143143
0.143095
0.143381
0.143333
0.143619
0.143571
0.143523
0.143475
0.143428
0.14338
0.143332
0.143285
0.143237
0.143189
0.143474
0.143426
0.143379
0.143331
0.143284
0.143236
0.143189
0.143141
0.143425
0.143377
0.14333
0.143283
0.143566
0.143519
0.143471
0.143424
0.143376
0.143329
0.143282
0.143234
0.143187
0.14314
0.143093
0.143045
0.142998
0.142951
0.143233
0.143186
0.143139
0.143092
0.143374
0.143327
0.14328
0.143233
0.143186
0.143139
0.143092
0.143045
0.143326
0.143279
0.143232
0.143185
0.143138
0.143091
0.143044
0.142997
0.142951
0.142904
0.142857
0.14281
0.14309
0.143044
0.142997
0.14295
0.142904
0.142857
0.143137
0.14309
0.143043
0.142997
0.14295
0.142904
0.142857
0.142811
0.142764
0.142718
0.142671
0.142625
0.142904
0.142857
0.142811
0.142764
0.143042
0.142996
0.14295
0.142903
0.142857
0.142811
0.143088
0.143042
0.142996
0.14295
0.142903
0.142857
0.142811
0.142765
0.142719
0.142673
0.142627
0.142581
0.142535
0.142489
0.142443
0.142397
0.142351
0.142305
0.142259
0.142214
0.14249
0.142444
0.142398
0.142352
0.142306
0.142261
0.142215
0.142169
0.142124
0.142078
0.142353
0.142308
0.142583
0.142537
0.142491
0.142446
0.1424
0.142354
0.142309
0.142263
0.142218
0.142173
0.142127
0.142082
0.142036
0.141991
0.141946
0.141901
0.142174
0.142129
0.142083
0.142038
0.141993
0.141948
0.141903
0.141858
0.141812
0.141767
0.141722
0.141677
0.141632
0.141587
0.141542
0.141497
0.141453
0.141408
0.141363
0.141318
0.141273
0.141229
0.141184
0.141139
0.141095
0.14105
0.141322
0.141277
0.141232
0.141188
0.141459
0.141414
0.141685
0.14164
0.141596
0.141551
0.141506
0.141462
0.141417
0.141373
0.141328
0.141284
0.141239
0.141195
0.141465
0.14142
0.141376
0.141332
0.141287
0.141243
0.141512
0.141468
0.141424
0.141379
0.141648
0.141604
0.14156
0.141515
0.141471
0.141427
0.141383
0.141338
0.141294
0.14125
0.141206
0.141162
0.14143
0.141386
0.141342
0.141298
0.141254
0.141209
0.141477
0.141433
0.141389
0.141345
0.141301
0.141257
0.141213
0.141169
0.141436
0.141392
0.141348
0.141304
0.141571
0.141527
0.141483
0.141439
0.141395
0.141352
0.141308
0.141264
0.14153
0.141486
0.141442
0.141399
0.141355
0.141311
0.141267
0.141224
0.14118
0.141136
0.141093
0.141049
0.141006
0.140962
0.140919
0.140875
0.140832
0.140789
0.140745
0.140702
0.140659
0.140615
0.14088
0.140836
0.141101
0.141057
0.141014
0.140971
0.141234
0.141191
0.141454
0.141411
0.141368
0.141324
0.141281
0.141238
0.141194
0.141151
0.141108
0.141065
0.141022
0.140979
0.141241
0.141198
0.141155
0.141112
0.141069
0.141026
0.140983
0.14094
0.140897
0.140854
0.140811
0.140768
0.140725
0.140682
0.140639
0.140596
0.140554
0.140511
0.140468
0.140426
0.140383
0.14034
0.140298
0.140255
0.140212
0.14017
0.140127
0.140085
0.140346
0.140303
0.140563
0.140521
0.140478
0.140436
0.140393
0.140351
0.140611
0.140568
0.140526
0.140483
0.140441
0.140399
0.140658
0.140616
0.140573
0.140531
0.140488
0.140446
0.140705
0.140663
0.14062
0.140578
0.140837
0.140794
0.140752
0.14071
0.140667
0.140625
0.140883
0.140841
0.141099
0.141056
0.141014
0.140972
0.14093
0.140887
0.140845
0.140803
0.140761
0.140719
0.140676
0.140634
0.140891
0.140849
0.140807
0.140765
0.141022
0.14098
0.140938
0.140896
0.140853
0.140811
0.140769
0.140727
0.140686
0.140644
0.140602
0.14056
0.140816
0.140774
0.141029
0.140988
0.140946
0.140904
0.140862
0.14082
0.140778
0.140736
0.140695
0.140653
0.140908
0.140866
0.141121
0.141079
0.141037
0.140995
0.140954
0.140912
0.14087
0.140828
0.140787
0.140745
0.140704
0.140662
0.14062
0.140579
0.140537
0.140496
0.140749
0.140708
0.140961
0.14092
0.140878
0.140837
0.140795
0.140754
0.140712
0.140671
0.14063
0.140588
0.140547
0.140506
0.140464
0.140423
0.140382
0.140341
0.140593
0.140552
0.14051
0.140469
0.140428
0.140387
0.140639
0.140598
0.140556
0.140515
0.140474
0.140433
0.140392
0.140351
0.14031
0.140269
0.140228
0.140187
0.140146
0.140105
0.140064
0.140023
0.139983
0.139942
0.139901
0.13986
0.140111
0.14007
0.140029
0.139988
0.139948
0.139907
0.139866
0.139826
0.139785
0.139744
0.139704
0.139663
0.139623
0.139582
0.139542
0.139501
0.139751
0.13971
0.13967
0.139629
0.139589
0.139548
0.139508
0.139468
0.139717
0.139676
0.139636
0.139595
0.139844
0.139804
0.140052
0.140012
0.139971
0.139931
0.140179
0.140138
0.140386
0.140346
0.140305
0.140265
0.140225
0.140184
0.140144
0.140104
0.140063
0.140023
0.139983
0.139943
0.139902
0.139862
0.139822
0.139782
0.139742
0.139702
0.139662
0.139622
0.139582
0.139542
0.139788
0.139748
0.139708
0.139668
0.139628
0.139588
0.139548
0.139508
0.139754
0.139714
0.139674
0.139634
0.139595
0.139555
0.139515
0.139475
0.139435
0.139396
0.139356
0.139316
0.139561
0.139522
0.139482
0.139442
0.139403
0.139363
0.139608
0.139568
0.139528
0.139489
0.139449
0.139409
0.13937
0.13933
0.139291
0.139251
0.139495
0.139456
0.1397
0.13966
0.13962
0.139581
0.139825
0.139785
0.139745
0.139706
0.139666
0.139627
0.13987
0.139831
0.140073
0.140034
0.139994
0.139955
0.139915
0.139876
0.140118
0.140079
0.140039
0.14
0.139961
0.139921
0.139882
0.139842
0.139803
0.139764
0.140006
0.139966
0.140208
0.140169
0.140129
0.14009
0.140051
0.140011
0.139972
0.139933
0.139893
0.139854
0.139815
0.139776
0.140017
0.139978
0.139938
0.139899
0.13986
0.139821
0.139782
0.139743
0.139704
0.139665
0.139905
0.139866
0.140106
0.140067
0.140028
0.139989
0.13995
0.139911
0.139872
0.139833
0.139794
0.139755
0.139994
0.139955
0.139917
0.139878
0.139839
0.1398
0.139761
0.139722
0.139683
0.139645
0.139606
0.139567
0.139528
0.13949
0.139728
0.13969
0.139651
0.139612
0.139574
0.139535
0.139773
0.139734
0.139696
0.139657
0.139895
0.139856
0.139818
0.139779
0.13974
0.139702
0.139939
0.139901
0.139862
0.139823
0.139785
0.139746
0.139708
0.139669
0.139906
0.139868
0.139829
0.139791
0.139752
0.139714
0.139951
0.139912
0.139874
0.139835
0.139797
0.139758
0.139995
0.139956
0.139918
0.139879
0.139841
0.139803
0.139764
0.139726
0.139688
0.13965
0.139611
0.139573
0.139535
0.139497
0.139459
0.13942
0.139656
0.139617
0.139579
0.139541
0.139503
0.139465
0.139427
0.139389
0.139351
0.139313
0.139275
0.139237
0.139472
0.139434
0.139668
0.13963
0.139592
0.139554
0.139788
0.13975
0.139712
0.139674
0.139636
0.139598
0.13956
0.139522
0.139484
0.139447
0.139409
0.139371
0.139333
0.139295
0.139529
0.139491
0.139453
0.139415
0.139378
0.13934
0.139573
0.139535
0.139497
0.139459
0.139692
0.139654
0.139617
0.139579
0.139541
0.139504
0.139466
0.139428
0.13966
0.139623
0.139585
0.139547
0.13951
0.139472
0.139435
0.139397
0.13936
0.139322
0.139554
0.139516
0.139479
0.139441
0.139404
0.139366
0.139329
0.139291
0.139522
0.139485
0.139448
0.13941
0.139373
0.139335
0.139566
0.139529
0.139491
0.139454
0.139417
0.139379
0.13961
0.139572
0.139535
0.139498
0.13946
0.139423
0.139386
0.139349
0.139311
0.139274
0.139237
0.1392
0.139163
0.139126
0.139089
0.139052
0.139015
0.138978
0.138941
0.138904
0.138867
0.13883
0.139059
0.139022
0.138985
0.138948
0.138911
0.138874
0.139103
0.139066
0.139294
0.139257
0.13922
0.139183
0.139147
0.13911
0.139073
0.139036
0.138999
0.138962
0.13919
0.139153
0.139117
0.13908
0.139043
0.139006
0.13897
0.138933
0.138896
0.13886
0.138823
0.138786
0.13875
0.138713
0.13894
0.138904
0.138867
0.13883
0.139057
0.139021
0.138984
0.138947
0.138911
0.138874
0.139101
0.139064
0.139028
0.138991
0.138955
0.138918
0.138882
0.138845
0.138809
0.138772
0.138736
0.1387
0.138663
0.138627
0.138591
0.138554
0.138518
0.138482
0.138707
0.138671
0.138896
0.13886
0.138824
0.138787
0.138751
0.138715
0.138679
0.138642
0.138606
0.13857
0.138795
0.138758
0.138722
0.138686
0.13865
0.138614
0.138578
0.138542
0.138506
0.13847
0.138434
0.138397
0.138362
0.138326
0.13855
0.138514
0.138478
0.138442
0.138665
0.138629
0.138853
0.138817
0.138781
0.138745
0.138709
0.138673
0.138637
0.138601
0.138565
0.138529
0.138752
0.138716
0.13868
0.138645
0.138609
0.138573
0.138537
0.138501
0.138466
0.13843
0.138394
0.138358
0.138323
0.138287
0.138509
0.138473
0.138438
0.138402
0.138624
0.138588
0.138553
0.138517
0.138481
0.138446
0.13841
0.138374
0.138596
0.13856
0.138525
0.138489
0.138454
0.138418
0.138383
0.138347
0.138312
0.138276
0.138241
0.138205
0.13817
0.138134
0.138099
0.138064
0.138028
0.137993
0.138213
0.138178
0.138143
0.138107
0.138328
0.138292
0.138257
0.138222
0.138186
0.138151
0.138371
0.138336
0.138556
0.13852
0.138485
0.13845
0.138669
0.138634
0.138599
0.138563
0.138528
0.138493
0.138712
0.138677
0.138896
0.138861
0.138825
0.13879
0.138755
0.13872
0.138684
0.138649
0.138614
0.138579
0.138544
0.138508
0.138727
0.138692
0.138657
0.138621
0.13884
0.138804
0.138769
0.138734
0.138699
0.138664
0.138629
0.138594
0.138559
0.138524
0.138489
0.138454
0.138419
0.138384
0.138349
0.138314
0.138279
0.138244
0.138209
0.138174
0.138392
0.138357
0.138322
0.138287
0.138252
0.138218
0.138183
0.138148
0.138113
0.138078
0.138044
0.138009
0.137974
0.13794
0.137905
0.13787
0.137836
0.137801
0.137767
0.137732
0.137698
0.137663
0.137879
0.137845
0.13781
0.137776
0.137741
0.137707
0.137672
0.137638
0.137603
0.137569
0.137534
0.1375
0.137716
0.137681
0.137897
0.137862
0.137828
0.137793
0.138008
0.137974
0.13794
0.137905
0.137871
0.137836
0.138051
0.138017
0.137983
0.137948
0.137914
0.13788
0.138094
0.13806
0.138274
0.13824
0.138205
0.138171
0.138137
0.138102
0.138316
0.138282
0.138248
0.138213
0.138179
0.138145
0.138111
0.138076
0.138042
0.138008
0.137974
0.13794
0.137905
0.137871
0.137837
0.137803
0.137769
0.137735
0.137701
0.137667
0.137633
0.137599
0.137812
0.137778
0.137991
0.137957
0.137923
0.137889
0.137855
0.137821
0.138033
0.137999
0.137965
0.137931
0.137897
0.137863
0.137829
0.137795
0.137761
0.137727
0.137694
0.13766
0.137626
0.137592
0.137558
0.137525
0.137736
0.137703
0.137669
0.137635
0.137601
0.137567
0.137779
0.137745
0.137711
0.137678
0.137644
0.13761
0.137577
0.137543
0.137509
0.137476
0.137442
0.137408
0.137619
0.137586
0.137796
0.137763
0.137729
0.137695
0.137662
0.137628
0.137838
0.137805
0.137771
0.137738
0.137704
0.137671
0.137637
0.137604
0.13757
0.137537
0.137503
0.13747
0.137679
0.137646
0.137612
0.137579
0.137546
0.137512
0.137479
0.137445
0.137412
0.137379
0.137345
0.137312
0.137279
0.137245
0.137212
0.137179
0.137388
0.137355
0.137564
0.13753
0.137497
0.137464
0.137672
0.137639
0.137606
0.137573
0.137539
0.137506
0.137714
0.137681
0.137648
0.137615
0.137581
0.137548
0.137515
0.137482
0.137449
0.137416
0.137383
0.137349
0.137316
0.137283
0.137491
0.137458
0.137425
0.137392
0.137599
0.137566
0.137773
0.13774
0.137707
0.137674
0.137641
0.137608
0.137575
0.137542
0.137509
0.137476
0.137443
0.13741
0.137377
0.137344
0.137311
0.137278
0.137246
0.137213
0.137419
0.137386
0.137353
0.137321
0.137288
0.137255
0.137222
0.137189
0.137157
0.137124
0.137091
0.137058
0.137026
0.136993
0.13696
0.136927
0.136895
0.136862
0.13683
0.136797
0.136764
0.136732
0.136699
0.136667
0.136872
0.13684
0.136807
0.136774
0.136742
0.136709
0.136677
0.136644
0.136612
0.13658
0.136785
0.136752
0.13672
0.136687
0.136655
0.136622
0.136827
0.136795
0.136999
0.136967
0.136934
0.136902
0.13687
0.136837
0.136805
0.136772
0.13674
0.136708
0.136912
0.136879
0.137083
0.137051
0.137019
0.136986
0.136954
0.136922
0.136889
0.136857
0.136825
0.136792
0.136996
0.136964
0.137167
0.137135
0.137102
0.13707
0.137038
0.137006
0.136973
0.136941
0.136909
0.136877
0.13708
0.137047
0.137015
0.136983
0.136951
0.136919
0.137121
0.137089
0.137292
0.137259
0.137227
0.137195
0.137163
0.137131
0.137099
0.137067
0.137034
0.137002
0.137204
0.137172
0.137374
0.137342
0.13731
0.137278
0.137246
0.137214
0.137182
0.13715
0.137117
0.137085
0.137287
0.137255
0.137223
0.137191
0.137159
0.137127
0.137328
0.137296
0.137264
0.137232
0.1372
0.137168
0.137136
0.137104
0.137305
0.137273
0.137241
0.137209
0.137177
0.137146
0.137114
0.137082
0.13705
0.137018
0.136986
0.136955
0.136923
0.136891
0.136859
0.136827
0.136796
0.136764
0.136732
0.136701
0.136669
0.136637
0.136606
0.136574
0.136542
0.136511
0.136479
0.136448
0.136416
0.136385
0.136584
0.136553
0.136521
0.13649
0.136458
0.136427
0.136395
0.136364
0.136332
0.136301
0.1365
0.136468
0.136667
0.136636
0.136604
0.136573
0.136542
0.13651
0.136479
0.136447
0.136416
0.136385
0.136583
0.136552
0.13652
0.136489
0.136458
0.136426
0.136395
0.136364
0.136562
0.136531
0.136499
0.136468
0.136437
0.136405
0.136603
0.136572
0.136541
0.136509
0.136478
0.136447
0.136416
0.136384
0.136353
0.136322
0.13652
0.136488
0.136457
0.136426
0.136395
0.136364
0.136332
0.136301
0.13627
0.136239
0.136208
0.136177
0.136146
0.136115
0.136084
0.136053
0.136022
0.135991
0.136188
0.136157
0.136126
0.136095
0.136064
0.136033
0.136229
0.136198
0.136167
0.136136
0.136105
0.136075
0.136044
0.136013
0.135982
0.135951
0.13592
0.135889
0.136085
0.136054
0.136024
0.135993
0.135962
0.135931
0.1359
0.13587
0.135839
0.135808
0.135777
0.135747
0.135942
0.135911
0.136107
0.136076
0.136045
0.136014
0.135984
0.135953
0.135922
0.135892
0.135861
0.13583
0.1358
0.135769
0.135738
0.135708
0.135677
0.135647
0.135616
0.135586
0.13578
0.13575
0.135719
0.135689
0.135658
0.135628
0.135822
0.135791
0.135761
0.13573
0.135925
0.135894
0.135863
0.135833
0.135802
0.135772
0.135966
0.135935
0.135905
0.135874
0.135844
0.135814
0.136007
0.135977
0.135946
0.135916
0.135885
0.135855
0.135825
0.135794
0.135764
0.135733
0.135703
0.135673
0.135642
0.135612
0.135582
0.135552
0.135521
0.135491
0.135684
0.135654
0.135847
0.135816
0.135786
0.135756
0.135725
0.135695
0.135665
0.135635
0.135605
0.135574
0.135767
0.135737
0.135706
0.135676
0.135646
0.135616
0.135586
0.135556
0.135525
0.135495
0.135465
0.135435
0.135405
0.135375
0.135567
0.135537
0.135507
0.135477
0.135447
0.135417
0.135608
0.135578
0.135548
0.135518
0.13571
0.135679
0.135871
0.135841
0.135811
0.135781
0.135972
0.135942
0.135912
0.135882
0.135852
0.135822
0.135792
0.135762
0.135732
0.135702
0.135672
0.135642
0.135612
0.135582
0.135552
0.135522
0.135492
0.135463
0.135433
0.135403
0.135373
0.135343
0.135314
0.135284
0.135474
0.135444
0.135634
0.135604
0.135575
0.135545
0.135515
0.135485
0.135456
0.135426
0.135396
0.135366
0.135337
0.135307
0.135497
0.135467
0.135437
0.135408
0.135378
0.135348
0.135538
0.135508
0.135478
0.135449
0.135419
0.135389
0.13536
0.13533
0.135301
0.135271
0.135241
0.135212
0.135182
0.135153
0.135123
0.135094
0.135283
0.135253
0.135224
0.135194
0.135165
0.135135
0.135106
0.135076
0.135265
0.135235
0.135206
0.135176
0.135147
0.135117
0.135306
0.135276
0.135247
0.135217
0.135188
0.135159
0.135347
0.135317
0.135288
0.135258
0.135229
0.1352
0.13517
0.135141
0.135112
0.135082
0.135053
0.135024
0.134995
0.134965
0.134936
0.134907
0.134878
0.134848
0.135036
0.135006
0.134977
0.134948
0.134919
0.13489
0.134861
0.134831
0.134802
0.134773
0.134744
0.134715
0.134686
0.134657
0.134628
0.134599
0.134785
0.134756
0.134943
0.134914
0.134885
0.134856
0.135042
0.135013
0.134984
0.134955
0.134926
0.134897
0.135083
0.135054
0.13524
0.135211
0.135182
0.135153
0.135124
0.135095
0.13528
0.135251
0.135222
0.135193
0.135164
0.135135
0.135321
0.135292
0.135263
0.135234
0.135205
0.135176
0.135147
0.135118
0.135089
0.13506
0.135245
0.135216
0.135187
0.135158
0.135129
0.1351
0.135285
0.135256
0.135228
0.135199
0.13517
0.135141
0.135112
0.135083
0.135054
0.135026
0.134997
0.134968
0.135152
0.135124
0.135095
0.135066
0.135037
0.135009
0.13498
0.134951
0.134922
0.134894
0.134865
0.134836
0.13502
0.134991
0.134963
0.134934
0.134905
0.134877
0.134848
0.13482
0.134791
0.134762
0.134734
0.134705
0.134677
0.134648
0.134619
0.134591
0.134562
0.134534
0.134717
0.134689
0.134872
0.134843
0.134815
0.134786
0.134758
0.134729
0.134912
0.134884
0.134855
0.134827
0.13501
0.134981
0.134952
0.134924
0.134896
0.134867
0.134839
0.13481
0.134782
0.134753
0.134725
0.134696
0.134668
0.13464
0.134611
0.134583
0.134555
0.134526
0.134708
0.13468
0.134652
0.134623
0.134595
0.134567
0.134539
0.13451
0.134692
0.134664
0.134636
0.134607
0.134579
0.134551
0.134523
0.134494
0.134466
0.134438
0.13441
0.134382
0.134353
0.134325
0.134297
0.134269
0.134241
0.134213
0.134185
0.134157
0.134128
0.1341
0.134072
0.134044
0.134225
0.134197
0.134169
0.134141
0.134322
0.134294
0.134475
0.134447
0.134419
0.134391
0.134571
0.134543
0.134515
0.134487
0.134459
0.134431
0.134611
0.134583
0.134764
0.134736
0.134707
0.134679
0.134651
0.134623
0.134595
0.134567
0.134539
0.134511
0.134483
0.134456
0.134635
0.134607
0.134579
0.134551
0.134731
0.134703
0.134675
0.134647
0.134619
0.134591
0.134564
0.134536
0.134508
0.13448
0.134452
0.134424
0.134396
0.134369
0.134548
0.13452
0.134492
0.134464
0.134436
0.134409
0.134381
0.134353
0.134325
0.134298
0.13427
0.134242
0.134214
0.134187
0.134159
0.134131
0.134104
0.134076
0.134048
0.134021
0.133993
0.133965
0.133938
0.13391
0.133883
0.133855
0.133827
0.1338
0.133772
0.133745
0.133923
0.133896
0.133868
0.13384
0.133813
0.133785
0.133758
0.13373
0.133703
0.133676
0.133853
0.133826
0.133798
0.133771
0.133744
0.133716
0.133894
0.133866
0.133839
0.133811
0.133784
0.133757
0.133729
0.133702
0.133675
0.133647
0.13362
0.133592
0.13377
0.133742
0.133715
0.133688
0.13366
0.133633
0.133606
0.133578
0.133551
0.133524
0.133497
0.133469
0.133442
0.133415
0.133592
0.133564
0.133537
0.13351
0.133483
0.133456
0.133632
0.133605
0.133578
0.13355
0.133523
0.133496
0.133469
0.133442
0.133415
0.133388
0.133564
0.133537
0.133509
0.133482
0.133455
0.133428
0.133401
0.133374
0.133347
0.13332
0.133293
0.133266
0.133441
0.133414
0.13359
0.133563
0.133536
0.133509
0.133684
0.133657
0.13363
0.133603
0.133576
0.133549
0.133724
0.133697
0.13367
0.133643
0.133616
0.133589
0.133562
0.133535
0.13371
0.133683
0.133656
0.133629
0.133602
0.133575
0.13375
0.133723
0.133696
0.133669
0.133642
0.133615
0.133589
0.133562
0.133535
0.133508
0.133682
0.133655
0.13383
0.133803
0.133776
0.133749
0.133923
0.133896
0.133869
0.133842
0.133816
0.133789
0.133762
0.133735
0.133708
0.133681
0.133654
0.133628
0.133601
0.133574
0.133748
0.133721
0.133694
0.133667
0.133641
0.133614
0.133787
0.133761
0.133734
0.133707
0.13368
0.133653
0.133827
0.1338
0.133773
0.133747
0.13392
0.133893
0.133866
0.133839
0.133813
0.133786
0.133959
0.133932
0.134105
0.134078
0.134051
0.134025
0.133998
0.133971
0.133945
0.133918
0.133891
0.133865
0.134037
0.13401
0.134183
0.134156
0.134129
0.134103
0.134076
0.134049
0.134023
0.133996
0.133969
0.133943
0.133916
0.13389
0.133863
0.133836
0.13381
0.133783
0.133955
0.133929
0.133902
0.133875
0.133849
0.133822
0.133796
0.133769
0.133743
0.133716
0.13369
0.133663
0.133835
0.133808
0.133782
0.133755
0.133729
0.133703
0.133676
0.13365
0.133821
0.133794
0.133768
0.133742
0.133715
0.133689
0.133662
0.133636
0.13361
0.133583
0.133557
0.133531
0.133504
0.133478
0.133452
0.133425
0.133399
0.133373
0.133543
0.133517
0.133491
0.133465
0.133635
0.133609
0.133583
0.133556
0.13353
0.133504
0.133674
0.133648
0.133622
0.133595
0.133569
0.133543
0.133517
0.13349
0.133464
0.133438
0.133412
0.133386
0.133556
0.133529
0.133699
0.133673
0.133647
0.133621
0.133595
0.133568
0.133738
0.133712
0.133686
0.133659
0.133633
0.133607
0.133777
0.13375
0.133724
0.133698
0.133672
0.133646
0.133815
0.133789
0.133763
0.133737
0.133711
0.133685
0.133659
0.133632
0.133606
0.13358
0.133554
0.133528
0.133502
0.133476
0.13345
0.133424
0.133398
0.133372
0.133346
0.13332
0.133294
0.133268
0.133243
0.133217
0.133191
0.133165
0.133139
0.133113
0.133282
0.133256
0.13323
0.133204
0.133178
0.133152
0.13332
0.133295
0.133269
0.133243
0.133217
0.133191
0.133165
0.13314
0.133114
0.133088
0.133062
0.133036
0.133011
0.132985
0.133153
0.133127
0.133101
0.133075
0.133243
0.133217
0.133192
0.133166
0.13314
0.133114
0.133089
0.133063
0.13323
0.133205
0.133179
0.133153
0.133128
0.133102
0.133076
0.133051
0.133025
0.132999
0.133166
0.133141
0.133115
0.133089
0.133064
0.133038
0.133013
0.132987
0.133154
0.133128
0.133103
0.133077
0.133051
0.133026
0.133
0.132975
0.132949
0.132924
0.132898
0.132873
0.133039
0.133013
0.132988
0.132962
0.132937
0.132911
0.132886
0.13286
0.132835
0.13281
0.132784
0.132759
0.132733
0.132708
0.132682
0.132657
0.132632
0.132606
0.132772
0.132747
0.132721
0.132696
0.132862
0.132836
0.133002
0.132977
0.132951
0.132926
0.133091
0.133066
0.133041
0.133015
0.13299
0.132965
0.132939
0.132914
0.132888
0.132863
0.132838
0.132812
0.132787
0.132762
0.132737
0.132711
0.132686
0.132661
0.132636
0.13261
0.132585
0.13256
0.132535
0.132509
0.132674
0.132649
0.132624
0.132599
0.132574
0.132548
0.132523
0.132498
0.132473
0.132448
0.132423
0.132398
0.132562
0.132537
0.132512
0.132487
0.132462
0.132437
0.132601
0.132576
0.13274
0.132715
0.13269
0.132665
0.13264
0.132614
0.132589
0.132564
0.132539
0.132514
0.132489
0.132464
0.132439
0.132414
0.132389
0.132364
0.132528
0.132503
0.132478
0.132453
0.132428
0.132403
0.132566
0.132541
0.132516
0.132492
0.132467
0.132442
0.132605
0.13258
0.132555
0.13253
0.132505
0.13248
0.132455
0.13243
0.132405
0.132381
0.132356
0.132331
0.132306
0.132281
0.132444
0.132419
0.132394
0.13237
0.132345
0.13232
0.132295
0.13227
0.132245
0.132221
0.132383
0.132358
0.132334
0.132309
0.132284
0.132259
0.132234
0.13221
0.132185
0.13216
0.132136
0.132111
0.132086
0.132061
0.132224
0.132199
0.132174
0.13215
0.132312
0.132287
0.132262
0.132238
0.132213
0.132188
0.132164
0.132139
0.132114
0.13209
0.132065
0.13204
0.132016
0.131991
0.131966
0.131942
0.131917
0.131893
0.131868
0.131844
0.131819
0.131794
0.13177
0.131745
0.131721
0.131696
0.131672
0.131647
0.131623
0.131599
0.13176
0.131735
0.131711
0.131686
0.131662
0.131638
0.131799
0.131774
0.13175
0.131725
0.131701
0.131677
0.131838
0.131813
0.131789
0.131764
0.13174
0.131715
0.131876
0.131852
0.131827
0.131803
0.131779
0.131754
0.13173
0.131706
0.131866
0.131842
0.131817
0.131793
0.131769
0.131744
0.131905
0.13188
0.131856
0.131832
0.131992
0.131968
0.132128
0.132103
0.132079
0.132055
0.13203
0.132006
0.131982
0.131957
0.131933
0.131909
0.131884
0.13186
0.13202
0.131996
0.131971
0.131947
0.131923
0.131898
0.132058
0.132034
0.13201
0.131985
0.132145
0.132121
0.13228
0.132256
0.132231
0.132207
0.132183
0.132159
0.132318
0.132294
0.132269
0.132245
0.132221
0.132197
0.132172
0.132148
0.132124
0.1321
0.132075
0.132051
0.132027
0.132003
0.131979
0.131955
0.13193
0.131906
0.131882
0.131858
0.131834
0.13181
0.131969
0.131944
0.13192
0.131896
0.131872
0.131848
0.132007
0.131982
0.132141
0.132117
0.132093
0.132069
0.132227
0.132203
0.132179
0.132155
0.13213
0.132106
0.132082
0.132058
0.132034
0.13201
0.131986
0.131962
0.131938
0.131914
0.13189
0.131866
0.131842
0.131818
0.131976
0.131952
0.13211
0.132086
0.132062
0.132038
0.132195
0.132171
0.132147
0.132123
0.132099
0.132075
0.132052
0.132028
0.132004
0.13198
0.131956
0.131932
0.132089
0.132065
0.132222
0.132198
0.132175
0.132151
0.132127
0.132103
0.13226
0.132236
0.132212
0.132188
0.132345
0.132321
0.132297
0.132273
0.132249
0.132225
0.132202
0.132178
0.132154
0.13213
0.132106
0.132082
0.132058
0.132035
0.132011
0.131987
0.131963
0.131939
0.131916
0.131892
0.131868
0.131844
0.131821
0.131797
0.131773
0.131749
0.131906
0.131882
0.131858
0.131835
0.131811
0.131787
0.131943
0.131919
0.131896
0.131872
0.131848
0.131825
0.131981
0.131957
0.131933
0.13191
0.132065
0.132042
0.132018
0.131994
0.131971
0.131947
0.131923
0.1319
0.132055
0.132032
0.132008
0.131984
0.131961
0.131937
0.131913
0.13189
0.131866
0.131843
0.131998
0.131974
0.131951
0.131927
0.131903
0.13188
0.131856
0.131833
0.131809
0.131786
0.131762
0.131739
0.131715
0.131692
0.131668
0.131645
0.131621
0.131598
0.131574
0.131551
0.131527
0.131504
0.13148
0.131457
0.131434
0.13141
0.131387
0.131363
0.13134
0.131317
0.131293
0.13127
0.131425
0.131401
0.131378
0.131354
0.131331
0.131308
0.131284
0.131261
0.131238
0.131214
0.131191
0.131168
0.131145
0.131121
0.131098
0.131075
0.131229
0.131206
0.13136
0.131336
0.131313
0.13129
0.131267
0.131243
0.131397
0.131374
0.131351
0.131327
0.131481
0.131458
0.131612
0.131588
0.131565
0.131542
0.131695
0.131672
0.131825
0.131802
0.131779
0.131756
0.131732
0.131709
0.131686
0.131663
0.131639
0.131616
0.131769
0.131746
0.131723
0.1317
0.131676
0.131653
0.13163
0.131607
0.131584
0.13156
0.131537
0.131514
0.131491
0.131468
0.131621
0.131597
0.131574
0.131551
0.131528
0.131505
0.131658
0.131634
0.131611
0.131588
0.131741
0.131718
0.131694
0.131671
0.131648
0.131625
0.131602
0.131579
0.131731
0.131708
0.131685
0.131662
0.131639
0.131616
0.131593
0.13157
0.131547
0.131524
0.131676
0.131653
0.13163
0.131607
0.131584
0.131561
0.131712
0.131689
0.131666
0.131643
0.13162
0.131597
0.131574
0.131551
0.131528
0.131505
0.131482
0.13146
0.131437
0.131414
0.131391
0.131368
0.131345
0.131322
0.131299
0.131276
0.131428
0.131405
0.131382
0.131359
0.13151
0.131487
0.131639
0.131616
0.131593
0.13157
0.131547
0.131524
0.131675
0.131652
0.131629
0.131606
0.131584
0.131561
0.131538
0.131515
0.131492
0.131469
0.131446
0.131424
0.131401
0.131378
0.131355
0.131332
0.13131
0.131287
0.131264
0.131241
0.131219
0.131196
0.131173
0.13115
0.131128
0.131105
0.131082
0.13106
0.131037
0.131014
0.131165
0.131142
0.131119
0.131097
0.131247
0.131224
0.131201
0.131179
0.131156
0.131133
0.131111
0.131088
0.131238
0.131215
0.131193
0.13117
0.131148
0.131125
0.131102
0.13108
0.131057
0.131034
0.131184
0.131162
0.131139
0.131116
0.131094
0.131071
0.131221
0.131198
0.131176
0.131153
0.131131
0.131108
0.131258
0.131235
0.131212
0.13119
0.131167
0.131145
0.131122
0.1311
0.131249
0.131226
0.131204
0.131181
0.131159
0.131136
0.131285
0.131263
0.13124
0.131218
0.131195
0.131173
0.13115
0.131128
0.131105
0.131083
0.13106
0.131038
0.131187
0.131164
0.131142
0.131119
0.131268
0.131246
0.131223
0.131201
0.131178
0.131156
0.131305
0.131282
0.131431
0.131408
0.131386
0.131363
0.131341
0.131318
0.131467
0.131444
0.131422
0.131399
0.131548
0.131525
0.131503
0.13148
0.131458
0.131435
0.131583
0.131561
0.131709
0.131687
0.131664
0.131642
0.131619
0.131597
0.131574
0.131552
0.13153
0.131507
0.131655
0.131633
0.13178
0.131758
0.131736
0.131713
0.131691
0.131668
0.131646
0.131624
0.131601
0.131579
0.131557
0.131534
0.131512
0.13149
0.131467
0.131445
0.131592
0.13157
0.131548
0.131525
0.131503
0.131481
0.131628
0.131606
0.131583
0.131561
0.131539
0.131517
0.131494
0.131472
0.13145
0.131428
0.131405
0.131383
0.131361
0.131339
0.131317
0.131294
0.131272
0.13125
0.131228
0.131206
0.131352
0.13133
0.131308
0.131286
0.131432
0.13141
0.131388
0.131366
0.131344
0.131322
0.1313
0.131277
0.131255
0.131233
0.131211
0.131189
0.131335
0.131313
0.131291
0.131269
0.131247
0.131225
0.131203
0.131181
0.131159
0.131137
0.131114
0.131092
0.13107
0.131048
0.131194
0.131172
0.13115
0.131128
0.131106
0.131084
0.131062
0.13104
0.131018
0.130996
0.130974
0.130952
0.13093
0.130908
0.130887
0.130865
0.130843
0.130821
0.130799
0.130777
0.130755
0.130733
0.130711
0.130689
0.130668
0.130646
0.130624
0.130602
0.130747
0.130726
0.130704
0.130682
0.13066
0.130638
0.130783
0.130762
0.13074
0.130718
0.130696
0.130674
0.130652
0.130631
0.130609
0.130587
0.130565
0.130544
0.130522
0.1305
0.130478
0.130457
0.130435
0.130413
0.130391
0.13037
0.130514
0.130493
0.130471
0.130449
0.130594
0.130572
0.13055
0.130529
0.130507
0.130485
0.130464
0.130442
0.13042
0.130399
0.130377
0.130355
0.130334
0.130312
0.13029
0.130269
0.130247
0.130226
0.13037
0.130348
0.130327
0.130305
0.130283
0.130262
0.13024
0.130219
0.130363
0.130341
0.13032
0.130298
0.130276
0.130255
0.130399
0.130377
0.130356
0.130334
0.130478
0.130456
0.130435
0.130413
0.130392
0.13037
0.130514
0.130492
0.130471
0.130449
0.130428
0.130406
0.130385
0.130363
0.130342
0.13032
0.130299
0.130277
0.130256
0.130234
0.130377
0.130356
0.130334
0.130313
0.130292
0.13027
0.130413
0.130392
0.13037
0.130349
0.130327
0.130306
0.130449
0.130428
0.130406
0.130385
0.130363
0.130342
0.13032
0.130299
0.130278
0.130256
0.130399
0.130378
0.13052
0.130499
0.130478
0.130456
0.130435
0.130413
0.130392
0.130371
0.130349
0.130328
0.13047
0.130449
0.130428
0.130406
0.130385
0.130364
0.130342
0.130321
0.1303
0.130278
0.130257
0.130236
0.130378
0.130357
0.130335
0.130314
0.130293
0.130271
0.13025
0.130229
0.130371
0.13035
0.130328
0.130307
0.130286
0.130264
0.130243
0.130222
0.130201
0.130179
0.130321
0.1303
0.130442
0.130421
0.130399
0.130378
0.130357
0.130336
0.130314
0.130293
0.130272
0.130251
0.130392
0.130371
0.13035
0.130329
0.130307
0.130286
0.130265
0.130244
0.130385
0.130364
0.130343
0.130322
0.130301
0.130279
0.130258
0.130237
0.130216
0.130195
0.130174
0.130153
0.130294
0.130273
0.130251
0.13023
0.130209
0.130188
0.130167
0.130146
0.130125
0.130104
0.130245
0.130224
0.130202
0.130181
0.13016
0.130139
0.130118
0.130097
0.130076
0.130055
0.130034
0.130013
0.129992
0.129971
0.12995
0.129929
0.129908
0.129887
0.129866
0.129845
0.129824
0.129803
0.129782
0.129761
0.129902
0.129881
0.130021
0.13
0.129979
0.129958
0.130098
0.130077
0.130056
0.130035
0.130014
0.129994
0.129973
0.129952
0.130092
0.130071
0.13005
0.130029
0.130008
0.129987
0.130127
0.130106
0.130085
0.130064
0.130204
0.130183
0.130162
0.130141
0.13012
0.1301
0.130079
0.130058
0.130197
0.130177
0.130156
0.130135
0.130114
0.130093
0.130072
0.130051
0.13003
0.13001
0.129989
0.129968
0.129947
0.129926
0.129905
0.129885
0.129864
0.129843
0.129982
0.129962
0.129941
0.12992
0.129899
0.129878
0.129858
0.129837
0.129816
0.129795
0.129934
0.129914
0.129893
0.129872
0.129851
0.129831
0.12997
0.129949
0.129928
0.129907
0.129887
0.129866
0.130005
0.129984
0.130123
0.130102
0.130081
0.130061
0.13004
0.130019
0.130158
0.130137
0.130116
0.130096
0.130075
0.130054
0.130033
0.130013
0.129992
0.129971
0.13011
0.130089
0.130068
0.130048
0.130027
0.130006
0.129986
0.129965
0.129944
0.129924
0.129903
0.129882
0.130021
0.13
0.130138
0.130117
0.130097
0.130076
0.130056
0.130035
0.130014
0.129994
0.129973
0.129952
0.13009
0.13007
0.130049
0.130029
0.130008
0.129987
0.130125
0.130104
0.130084
0.130063
0.130043
0.130022
0.13016
0.130139
0.130119
0.130098
0.130077
0.130057
0.130194
0.130174
0.130153
0.130133
0.130112
0.130092
0.130071
0.130051
0.130188
0.130167
0.130147
0.130126
0.130106
0.130085
0.130222
0.130202
0.130181
0.130161
0.13014
0.13012
0.130099
0.130079
0.130058
0.130038
0.130175
0.130154
0.130134
0.130113
0.130093
0.130072
0.130209
0.130189
0.130325
0.130305
0.130284
0.130264
0.130244
0.130223
0.13036
0.130339
0.130319
0.130298
0.130278
0.130257
0.130394
0.130373
0.130353
0.130332
0.130312
0.130292
0.130428
0.130408
0.130387
0.130367
0.130346
0.130326
0.130305
0.130285
0.130265
0.130244
0.13038
0.13036
0.13034
0.130319
0.130299
0.130278
0.130258
0.130238
0.130374
0.130353
0.130333
0.130313
0.130292
0.130272
0.130251
0.130231
0.130211
0.13019
0.13017
0.13015
0.13013
0.130109
0.130089
0.130069
0.130048
0.130028
0.130008
0.129988
0.129967
0.129947
0.129927
0.129907
0.130042
0.130022
0.130002
0.129981
0.129961
0.129941
0.130076
0.130056
0.130036
0.130016
0.129995
0.129975
0.129955
0.129935
0.129915
0.129894
0.129874
0.129854
0.129834
0.129814
0.129794
0.129773
0.129753
0.129733
0.129713
0.129693
0.129673
0.129653
0.129788
0.129767
0.129902
0.129882
0.129862
0.129842
0.129822
0.129802
0.129782
0.129762
0.129741
0.129721
0.129701
0.129681
0.129661
0.129641
0.129621
0.129601
0.129581
0.129561
0.129695
0.129675
0.129655
0.129635
0.12977
0.12975
0.12973
0.12971
0.12969
0.12967
0.12965
0.12963
0.129764
0.129744
0.129724
0.129704
0.129684
0.129664
0.129644
0.129624
0.129604
0.129584
0.129718
0.129698
0.129678
0.129658
0.129638
0.129618
0.129598
0.129578
0.129558
0.129538
0.129519
0.129499
0.129479
0.129459
0.129439
0.129419
0.129399
0.129379
0.129359
0.129339
0.12932
0.1293
0.12928
0.12926
0.12924
0.12922
0.129201
0.129181
0.129161
0.129141
0.129275
0.129255
0.129235
0.129215
0.129195
0.129176
0.129156
0.129136
0.129269
0.12925
0.12923
0.12921
0.12919
0.12917
0.129151
0.129131
0.129111
0.129091
0.129072
0.129052
0.129032
0.129013
0.128993
0.128973
0.128953
0.128934
0.129067
0.129047
0.129027
0.129008
0.129141
0.129121
0.129254
0.129234
0.129214
0.129195
0.129175
0.129155
0.129136
0.129116
0.129096
0.129076
0.129209
0.12919
0.12917
0.12915
0.12913
0.129111
0.129243
0.129224
0.129356
0.129337
0.129317
0.129297
0.129278
0.129258
0.12939
0.129371
0.129351
0.129331
0.129464
0.129444
0.129424
0.129405
0.129385
0.129365
0.129346
0.129326
0.129306
0.129287
0.129267
0.129248
0.129228
0.129208
0.129189
0.129169
0.12915
0.12913
0.129262
0.129242
0.129223
0.129203
0.129184
0.129164
0.129145
0.129125
0.129257
0.129237
0.129218
0.129198
0.129179
0.129159
0.12914
0.12912
0.129101
0.129081
0.129062
0.129042
0.129174
0.129154
0.129135
0.129115
0.129096
0.129076
0.129057
0.129037
0.129018
0.128998
0.128979
0.128959
0.12894
0.12892
0.128901
0.128882
0.128862
0.128843
0.128974
0.128954
0.128935
0.128916
0.128896
0.128877
0.128857
0.128838
0.128819
0.128799
0.12878
0.128761
0.128741
0.128722
0.128702
0.128683
0.128814
0.128795
0.128775
0.128756
0.128737
0.128717
0.128848
0.128829
0.12896
0.12894
0.128921
0.128902
0.128882
0.128863
0.128844
0.128824
0.128805
0.128786
0.128766
0.128747
0.128878
0.128858
0.128839
0.12882
0.1288
0.128781
0.128912
0.128892
0.128873
0.128854
0.128834
0.128815
0.128796
0.128777
0.128757
0.128738
0.128868
0.128849
0.128979
0.12896
0.128941
0.128921
0.128902
0.128883
0.128864
0.128844
0.128825
0.128806
0.128936
0.128917
0.129047
0.129027
0.129008
0.128989
0.12897
0.128951
0.12908
0.129061
0.129042
0.129023
0.129003
0.128984
0.128965
0.128946
0.128927
0.128907
0.129037
0.129018
0.128999
0.128979
0.12896
0.128941
0.128922
0.128903
0.128884
0.128864
0.128845
0.128826
0.128807
0.128788
0.128917
0.128898
0.128879
0.12886
0.128989
0.12897
0.128951
0.128932
0.128913
0.128894
0.128874
0.128855
0.128836
0.128817
0.128798
0.128779
0.12876
0.128741
0.128722
0.128703
0.128684
0.128664
0.128645
0.128626
0.128607
0.128588
0.128569
0.12855
0.128679
0.12866
0.128789
0.12877
0.128751
0.128732
0.128713
0.128694
0.128675
0.128656
0.128637
0.128618
0.128599
0.12858
0.128561
0.128542
0.128523
0.128504
0.128633
0.128614
0.128742
0.128723
0.128704
0.128685
0.128666
0.128647
0.128628
0.128609
0.12859
0.128571
0.1287
0.128681
0.128809
0.12879
0.128771
0.128752
0.128733
0.128714
0.128695
0.128676
0.128658
0.128639
0.128767
0.128748
0.128729
0.12871
0.128691
0.128672
0.128653
0.128634
0.128615
0.128597
0.128578
0.128559
0.12854
0.128521
0.128502
0.128483
0.128465
0.128446
0.128427
0.128408
0.128536
0.128517
0.128498
0.128479
0.128607
0.128588
0.128716
0.128697
0.128678
0.128659
0.128787
0.128768
0.128749
0.12873
0.128711
0.128693
0.128674
0.128655
0.128782
0.128764
0.128745
0.128726
0.128707
0.128688
0.128669
0.128651
0.128632
0.128613
0.128594
0.128576
0.128557
0.128538
0.128519
0.128501
0.128628
0.128609
0.12859
0.128571
0.128553
0.128534
0.128661
0.128642
0.128623
0.128605
0.128586
0.128567
0.128694
0.128675
0.128802
0.128783
0.128765
0.128746
0.128727
0.128709
0.12869
0.128671
0.128652
0.128634
0.128615
0.128596
0.128723
0.128704
0.128686
0.128667
0.128648
0.12863
0.128611
0.128592
0.128574
0.128555
0.128536
0.128518
0.128499
0.12848
0.128462
0.128443
0.128569
0.128551
0.128532
0.128513
0.128495
0.128476
0.128458
0.128439
0.128565
0.128547
0.128528
0.128509
0.128636
0.128617
0.128598
0.12858
0.128561
0.128543
0.128669
0.12865
0.128631
0.128613
0.128594
0.128576
0.128557
0.128538
0.12852
0.128501
0.128483
0.128464
0.128446
0.128427
0.128409
0.12839
0.128372
0.128353
0.128335
0.128316
0.128298
0.128279
0.128261
0.128242
0.128224
0.128205
0.128187
0.128168
0.12815
0.128131
0.128257
0.128238
0.128364
0.128345
0.128327
0.128308
0.12829
0.128272
0.128253
0.128235
0.128216
0.128198
0.128323
0.128305
0.12843
0.128411
0.128393
0.128375
0.128356
0.128338
0.128463
0.128444
0.128426
0.128407
0.128532
0.128514
0.128496
0.128477
0.128459
0.12844
0.128565
0.128547
0.128528
0.12851
0.128492
0.128473
0.128598
0.12858
0.128561
0.128543
0.128524
0.128506
0.128488
0.128469
0.128594
0.128576
0.128557
0.128539
0.12852
0.128502
0.128627
0.128608
0.12859
0.128571
0.128696
0.128678
0.128659
0.128641
0.128622
0.128604
0.128586
0.128567
0.128549
0.128531
0.128512
0.128494
0.128618
0.1286
0.128582
0.128563
0.128545
0.128527
0.128651
0.128632
0.128614
0.128596
0.128578
0.128559
0.128541
0.128523
0.128647
0.128628
0.12861
0.128592
0.128573
0.128555
0.128537
0.128519
0.1285
0.128482
0.128464
0.128446
0.128569
0.128551
0.128533
0.128515
0.128638
0.12862
0.128602
0.128584
0.128565
0.128547
0.128529
0.128511
0.128492
0.128474
0.128456
0.128438
0.12842
0.128401
0.128525
0.128507
0.128488
0.12847
0.128452
0.128434
0.128416
0.128398
0.128379
0.128361
0.128343
0.128325
0.128448
0.12843
0.128412
0.128394
0.128376
0.128357
0.128339
0.128321
0.128303
0.128285
0.128408
0.12839
0.128372
0.128354
0.128335
0.128317
0.128299
0.128281
0.128263
0.128245
0.128227
0.128209
0.128191
0.128173
0.128155
0.128136
0.128118
0.1281
0.128082
0.128064
0.128046
0.128028
0.12801
0.127992
0.128115
0.128097
0.128079
0.128061
0.128043
0.128025
0.128147
0.128129
0.128111
0.128093
0.128075
0.128057
0.128039
0.128021
0.128003
0.127985
0.127967
0.127949
0.128072
0.128054
0.128036
0.128018
0.128
0.127982
0.128104
0.128086
0.128209
0.128191
0.128173
0.128155
0.128137
0.128119
0.128101
0.128083
0.128065
0.128047
0.128029
0.128011
0.127993
0.127975
0.127957
0.12794
0.127922
0.127904
0.127886
0.127868
0.12785
0.127832
0.127954
0.127936
0.127918
0.1279
0.127883
0.127865
0.127847
0.127829
0.127951
0.127933
0.127915
0.127897
0.127879
0.127862
0.127844
0.127826
0.127808
0.12779
0.127772
0.127755
0.127737
0.127719
0.127701
0.127683
0.127666
0.127648
0.127769
0.127751
0.127734
0.127716
0.127698
0.12768
0.127663
0.127645
0.127627
0.127609
0.127731
0.127713
0.127695
0.127677
0.12766
0.127642
0.127763
0.127745
0.127728
0.12771
0.127692
0.127674
0.127657
0.127639
0.127621
0.127603
0.127586
0.127568
0.12755
0.127533
0.127654
0.127636
0.127618
0.127601
0.127722
0.127704
0.127825
0.127807
0.127789
0.127772
0.127754
0.127736
0.127857
0.127839
0.127822
0.127804
0.127786
0.127769
0.127751
0.127733
0.127716
0.127698
0.127819
0.127801
0.127783
0.127765
0.127748
0.12773
0.127713
0.127695
0.127815
0.127798
0.12778
0.127762
0.127745
0.127727
0.127848
0.12783
0.127812
0.127795
0.127915
0.127897
0.12788
0.127862
0.127844
0.127827
0.127947
0.127929
0.127912
0.127894
0.127877
0.127859
0.127841
0.127824
0.127806
0.127788
0.127771
0.127753
0.127736
0.127718
0.127701
0.127683
0.127665
0.127648
0.12763
0.127613
0.127595
0.127578
0.12756
0.127543
0.127525
0.127508
0.12749
0.127473
0.127455
0.127438
0.127557
0.12754
0.127522
0.127505
0.127487
0.12747
0.127452
0.127435
0.127417
0.1274
0.127382
0.127365
0.127347
0.12733
0.12745
0.127432
0.127415
0.127397
0.12738
0.127362
0.127345
0.127327
0.12731
0.127293
0.127412
0.127395
0.127514
0.127497
0.127479
0.127462
0.127444
0.127427
0.127409
0.127392
0.127375
0.127357
0.12734
0.127322
0.127442
0.127424
0.127407
0.127389
0.127372
0.127355
0.127337
0.12732
0.127302
0.127285
0.127404
0.127387
0.127506
0.127488
0.127471
0.127454
0.127436
0.127419
0.127402
0.127384
0.127367
0.127349
0.127332
0.127315
0.127297
0.12728
0.127263
0.127246
0.127364
0.127347
0.127466
0.127448
0.127431
0.127414
0.127396
0.127379
0.127362
0.127344
0.127327
0.12731
0.127292
0.127275
0.127258
0.127241
0.127223
0.127206
0.127189
0.127172
0.12729
0.127273
0.127255
0.127238
0.127221
0.127204
0.127186
0.127169
0.127152
0.127135
0.127117
0.1271
0.127083
0.127066
0.127049
0.127031
0.127014
0.126997
0.12698
0.126963
0.126945
0.126928
0.126911
0.126894
0.127012
0.126995
0.126978
0.126961
0.126943
0.126926
0.126909
0.126892
0.126875
0.126858
0.12684
0.126823
0.126806
0.126789
0.126772
0.126755
0.126738
0.126721
0.126838
0.126821
0.126804
0.126787
0.12677
0.126753
0.126871
0.126854
0.126836
0.126819
0.126802
0.126785
0.126768
0.126751
0.126734
0.126717
0.1267
0.126683
0.126666
0.126649
0.126632
0.126615
0.126732
0.126715
0.126698
0.126681
0.126664
0.126647
0.12663
0.126613
0.126596
0.126579
0.126562
0.126545
0.126528
0.126511
0.126494
0.126477
0.12646
0.126443
0.12656
0.126543
0.126526
0.126509
0.126492
0.126475
0.126592
0.126575
0.126693
0.126676
0.126659
0.126642
0.126625
0.126608
0.126591
0.126574
0.126557
0.12654
0.126523
0.126506
0.126489
0.126472
0.126455
0.126438
0.126421
0.126404
0.126521
0.126504
0.126487
0.126471
0.126587
0.12657
0.126554
0.126537
0.12652
0.126503
0.126619
0.126603
0.126719
0.126702
0.126685
0.126668
0.126652
0.126635
0.126618
0.126601
0.126584
0.126567
0.126684
0.126667
0.12665
0.126633
0.126616
0.126599
0.126582
0.126565
0.126682
0.126665
0.126648
0.126631
0.126614
0.126597
0.126581
0.126564
0.126547
0.12653
0.126646
0.126629
0.126613
0.126596
0.126579
0.126562
0.126678
0.126661
0.126645
0.126628
0.126611
0.126594
0.12671
0.126693
0.126676
0.12666
0.126643
0.126626
0.126609
0.126592
0.126708
0.126691
0.126675
0.126658
0.126774
0.126757
0.12674
0.126723
0.126706
0.12669
0.126805
0.126789
0.126904
0.126887
0.126871
0.126854
0.126837
0.12682
0.126803
0.126787
0.12677
0.126753
0.126869
0.126852
0.126967
0.126951
0.126934
0.126917
0.1269
0.126883
0.126867
0.12685
0.126833
0.126816
0.1268
0.126783
0.126898
0.126881
0.126865
0.126848
0.126963
0.126946
0.12693
0.126913
0.126896
0.126879
0.126995
0.126978
0.126961
0.126944
0.126928
0.126911
0.127026
0.127009
0.127124
0.127107
0.127091
0.127074
0.127057
0.127041
0.127024
0.127007
0.12699
0.126974
0.126957
0.12694
0.127055
0.127038
0.127022
0.127005
0.12712
0.127103
0.127086
0.12707
0.127053
0.127036
0.12702
0.127003
0.126986
0.12697
0.126953
0.126936
0.12692
0.126903
0.127017
0.127001
0.126984
0.126967
0.126951
0.126934
0.126918
0.126901
0.126884
0.126868
0.126851
0.126834
0.126818
0.126801
0.126785
0.126768
0.126751
0.126735
0.126849
0.126832
0.126816
0.126799
0.126914
0.126897
0.12688
0.126864
0.126847
0.126831
0.126945
0.126928
0.126912
0.126895
0.126878
0.126862
0.126845
0.126829
0.126812
0.126796
0.126779
0.126762
0.126746
0.126729
0.126713
0.126696
0.12668
0.126663
0.126647
0.12663
0.126744
0.126728
0.126711
0.126694
0.126808
0.126792
0.126775
0.126759
0.126742
0.126726
0.126709
0.126693
0.126806
0.12679
0.126773
0.126757
0.12674
0.126724
0.126838
0.126821
0.126805
0.126788
0.126902
0.126885
0.126869
0.126852
0.126836
0.126819
0.126803
0.126786
0.1269
0.126883
0.126867
0.12685
0.126964
0.126947
0.126931
0.126914
0.126898
0.126881
0.126865
0.126848
0.126832
0.126815
0.126799
0.126782
0.126766
0.12675
0.126863
0.126846
0.12683
0.126813
0.126797
0.126781
0.126894
0.126877
0.126861
0.126844
0.126957
0.126941
0.126925
0.126908
0.126892
0.126875
0.126859
0.126843
0.126826
0.12681
0.126793
0.126777
0.126761
0.126744
0.126857
0.126841
0.126824
0.126808
0.126791
0.126775
0.126759
0.126742
0.126726
0.12671
0.126693
0.126677
0.12679
0.126773
0.126757
0.126741
0.126853
0.126837
0.126949
0.126933
0.126917
0.1269
0.126884
0.126868
0.126851
0.126835
0.126819
0.126802
0.126786
0.12677
0.126753
0.126737
0.126721
0.126704
0.126688
0.126672
0.126656
0.126639
0.126623
0.126607
0.12659
0.126574
0.126558
0.126542
0.126525
0.126509
0.126493
0.126477
0.126589
0.126573
0.126556
0.12654
0.126652
0.126636
0.12662
0.126603
0.126587
0.126571
0.126555
0.126538
0.126522
0.126506
0.12649
0.126474
0.126457
0.126441
0.126425
0.126409
0.126393
0.126376
0.12636
0.126344
0.126328
0.126312
0.126296
0.126279
0.126391
0.126375
0.126359
0.126343
0.126327
0.12631
0.126422
0.126406
0.12639
0.126374
0.126357
0.126341
0.126453
0.126437
0.126421
0.126404
0.126388
0.126372
0.126356
0.12634
0.126324
0.126308
0.126292
0.126276
0.126387
0.126371
0.126355
0.126339
0.126322
0.126306
0.12629
0.126274
0.126258
0.126242
0.126226
0.12621
0.126321
0.126305
0.126289
0.126273
0.126257
0.126241
0.126225
0.126209
0.126193
0.126177
0.126161
0.126144
0.126128
0.126112
0.126223
0.126207
0.126191
0.126175
0.126159
0.126143
0.126254
0.126238
0.126222
0.126206
0.126317
0.126301
0.126412
0.126396
0.12638
0.126364
0.126475
0.126459
0.126443
0.126427
0.126411
0.126395
0.126379
0.126362
0.126346
0.12633
0.126314
0.126298
0.126282
0.126266
0.12625
0.126234
0.126219
0.126203
0.126313
0.126297
0.126281
0.126265
0.126249
0.126233
0.126344
0.126328
0.126312
0.126296
0.12628
0.126264
0.126248
0.126232
0.126216
0.1262
0.126184
0.126168
0.126279
0.126263
0.126247
0.126231
0.126215
0.126199
0.126183
0.126167
0.126277
0.126261
0.126245
0.12623
0.126214
0.126198
0.126308
0.126292
0.126276
0.12626
0.12637
0.126354
0.126338
0.126322
0.126307
0.126291
0.126275
0.126259
0.126243
0.126227
0.126211
0.126195
0.126305
0.126289
0.126399
0.126383
0.126367
0.126352
0.126336
0.12632
0.126304
0.126288
0.126272
0.126256
0.12624
0.126225
0.126334
0.126318
0.126303
0.126287
0.126271
0.126255
0.126239
0.126223
0.126208
0.126192
0.126176
0.12616
0.126144
0.126128
0.126113
0.126097
0.126081
0.126065
0.126049
0.126034
0.126018
0.126002
0.125986
0.12597
0.125955
0.125939
0.125923
0.125907
0.125892
0.125876
0.125985
0.125969
0.125954
0.125938
0.125922
0.125906
0.125891
0.125875
0.125859
0.125844
0.125828
0.125812
0.125796
0.125781
0.125765
0.125749
0.125858
0.125843
0.125952
0.125936
0.12592
0.125905
0.125889
0.125873
0.125982
0.125967
0.125951
0.125935
0.125919
0.125904
0.125888
0.125872
0.125857
0.125841
0.125825
0.12581
0.125794
0.125778
0.125763
0.125747
0.125731
0.125716
0.1257
0.125684
0.125669
0.125653
0.125762
0.125746
0.125731
0.125715
0.125699
0.125684
0.125668
0.125652
0.125637
0.125621
0.125606
0.12559
0.125574
0.125559
0.125667
0.125652
0.125636
0.125621
0.125605
0.125589
0.125698
0.125682
0.125667
0.125651
0.125636
0.12562
0.125604
0.125589
0.125573
0.125558
0.125666
0.125651
0.125635
0.125619
0.125604
0.125588
0.125573
0.125557
0.125542
0.125526
0.125511
0.125495
0.125603
0.125588
0.125572
0.125557
0.125541
0.125526
0.125634
0.125618
0.125726
0.125711
0.125695
0.12568
0.125788
0.125772
0.125757
0.125741
0.125726
0.12571
0.125695
0.125679
0.125787
0.125771
0.125756
0.12574
0.125725
0.125709
0.125694
0.125678
0.125663
0.125647
0.125755
0.12574
0.125724
0.125709
0.125693
0.125678
0.125785
0.12577
0.125754
0.125739
0.125723
0.125708
0.125816
0.1258
0.125785
0.125769
0.125754
0.125738
0.125723
0.125707
0.125692
0.125676
0.125661
0.125645
0.12563
0.125615
0.125599
0.125584
0.125568
0.125553
0.125537
0.125522
0.125507
0.125491
0.125476
0.12546
0.125568
0.125552
0.125537
0.125521
0.125506
0.125491
0.125475
0.12546
0.125445
0.125429
0.125414
0.125398
0.125383
0.125368
0.125475
0.125459
0.125444
0.125429
0.125413
0.125398
0.125505
0.12549
0.125474
0.125459
0.125566
0.125551
0.125535
0.12552
0.125505
0.125489
0.125474
0.125459
0.125565
0.12555
0.125535
0.125519
0.125504
0.125489
0.125473
0.125458
0.125443
0.125427
0.125412
0.125397
0.125504
0.125488
0.125473
0.125458
0.125442
0.125427
0.125412
0.125396
0.125381
0.125366
0.125351
0.125335
0.12532
0.125305
0.125289
0.125274
0.125259
0.125244
0.12535
0.125335
0.12532
0.125304
0.125289
0.125274
0.125259
0.125243
0.125228
0.125213
0.125319
0.125304
0.125411
0.125395
0.12538
0.125365
0.12535
0.125334
0.125319
0.125304
0.125289
0.125273
0.12538
0.125364
0.125471
0.125455
0.12544
0.125425
0.125531
0.125516
0.125501
0.125485
0.12547
0.125455
0.125561
0.125546
0.125531
0.125515
0.1255
0.125485
0.12547
0.125455
0.125439
0.125424
0.125409
0.125394
0.125379
0.125363
0.125348
0.125333
0.125318
0.125303
0.125287
0.125272
0.125378
0.125363
0.125348
0.125333
0.125318
0.125302
0.125408
0.125393
0.125378
0.125363
0.125468
0.125453
0.125438
0.125423
0.125408
0.125393
0.125377
0.125362
0.125347
0.125332
0.125317
0.125302
0.125287
0.125272
0.125377
0.125362
0.125347
0.125332
0.125437
0.125422
0.125528
0.125512
0.125497
0.125482
0.125588
0.125572
0.125557
0.125542
0.125527
0.125512
0.125497
0.125482
0.125467
0.125451
0.125436
0.125421
0.125406
0.125391
0.125496
0.125481
0.125466
0.125451
0.125436
0.125421
0.125526
0.125511
0.125496
0.125481
0.125466
0.125451
0.125436
0.12542
0.125405
0.12539
0.125375
0.12536
0.125465
0.12545
0.125435
0.12542
0.125405
0.12539
0.125375
0.12536
0.125345
0.12533
0.125315
0.1253
0.125285
0.12527
0.125255
0.12524
0.125225
0.12521
0.125195
0.12518
0.125165
0.12515
0.125135
0.12512
0.125224
0.125209
0.125194
0.12518
0.125165
0.12515
0.125135
0.12512
0.125105
0.12509
0.125194
0.125179
0.125164
0.125149
0.125134
0.12512
0.125224
0.125209
0.125194
0.125179
0.125164
0.125149
0.125134
0.125119
0.125224
0.125209
0.125194
0.125179
0.125164
0.125149
0.125134
0.125119
0.125104
0.125089
0.125194
0.125179
0.125283
0.125268
0.125253
0.125238
0.125223
0.125208
0.125194
0.125179
0.125164
0.125149
0.125134
0.125119
0.125104
0.125089
0.125074
0.12506
0.125045
0.12503
0.125015
0.125
0.124985
0.12497
0.124955
0.124941
0.124926
0.124911
0.124896
0.124881
0.124866
0.124852
0.124955
0.124941
0.124926
0.124911
0.125015
0.125
0.124985
0.12497
0.124955
0.124941
0.125044
0.12503
0.125133
0.125119
0.125104
0.125089
0.125074
0.125059
0.125044
0.12503
0.125015
0.125
0.124985
0.12497
0.125074
0.125059
0.125044
0.12503
0.125133
0.125118
0.125104
0.125089
0.125074
0.125059
0.125044
0.12503
0.125015
0.125
0.124985
0.12497
0.124956
0.124941
0.125044
0.12503
0.125015
0.125
0.124985
0.12497
0.125074
0.125059
0.125044
0.12503
0.125015
0.125
0.124985
0.12497
0.124956
0.124941
0.124926
0.124912
0.124897
0.124882
0.124867
0.124853
0.124838
0.124823
0.124808
0.124794
0.124779
0.124764
0.12475
0.124735
0.12472
0.124706
0.124691
0.124676
0.124662
0.124647
0.124632
0.124618
0.124603
0.124588
0.124691
0.124677
0.124662
0.124647
0.124633
0.124618
0.124603
0.124589
0.124574
0.124559
0.124545
0.12453
0.124633
0.124618
0.124604
0.124589
0.124574
0.12456
0.124545
0.124531
0.124633
0.124619
0.124604
0.124589
0.124575
0.12456
0.124663
0.124648
0.124634
0.124619
0.124604
0.12459
0.124575
0.124561
0.124546
0.124531
0.124634
0.124619
0.124722
0.124707
0.124693
0.124678
0.124781
0.124766
0.124751
0.124737
0.124722
0.124708
0.124693
0.124678
0.124664
0.124649
0.124635
0.12462
0.124605
0.124591
0.124576
0.124562
0.124547
0.124533
0.124518
0.124504
0.124606
0.124591
0.124577
0.124562
0.124548
0.124533
0.124519
0.124504
0.12449
0.124475
0.124577
0.124563
0.124548
0.124534
0.124519
0.124505
0.12449
0.124476
0.124578
0.124563
0.124549
0.124534
0.12452
0.124505
0.124491
0.124476
0.124462
0.124447
0.124433
0.124418
0.124404
0.124389
0.124375
0.12436
0.124462
0.124448
0.124549
0.124535
0.12452
0.124506
0.124491
0.124477
0.124463
0.124448
0.124434
0.124419
0.124521
0.124506
0.124492
0.124477
0.124463
0.124449
0.124434
0.12442
0.124405
0.124391
0.124376
0.124362
0.124348
0.124333
0.124435
0.12442
0.124406
0.124391
0.124493
0.124478
0.12458
0.124565
0.124551
0.124537
0.124522
0.124508
0.124493
0.124479
0.124465
0.12445
0.124436
0.124421
0.124523
0.124508
0.124494
0.124479
0.124465
0.124451
0.124552
0.124537
0.124523
0.124509
0.124494
0.12448
0.124466
0.124451
0.124437
0.124422
0.124408
0.124394
0.124379
0.124365
0.124351
0.124336
0.124437
0.124423
0.124409
0.124394
0.12438
0.124365
0.124466
0.124452
0.124438
0.124423
0.124409
0.124395
0.12438
0.124366
0.124467
0.124453
0.124438
0.124424
0.124525
0.12451
0.124496
0.124482
0.124467
0.124453
0.124439
0.124424
0.124525
0.124511
0.124497
0.124482
0.124583
0.124569
0.124554
0.12454
0.124526
0.124511
0.124612
0.124598
0.124583
0.124569
0.124555
0.12454
0.124526
0.124512
0.124612
0.124598
0.124584
0.124569
0.124555
0.124541
0.124641
0.124627
0.124613
0.124598
0.124584
0.12457
0.12467
0.124656
0.124642
0.124627
0.124613
0.124599
0.124585
0.12457
0.124556
0.124542
0.124527
0.124513
0.124613
0.124599
0.124585
0.124571
0.124556
0.124542
0.124642
0.124628
0.124614
0.1246
0.1247
0.124685
0.124671
0.124657
0.124643
0.124628
0.124728
0.124714
0.1247
0.124686
0.124671
0.124657
0.124757
0.124743
0.124729
0.124714
0.1247
0.124686
0.124672
0.124658
0.124757
0.124743
0.124729
0.124715
0.124701
0.124686
0.124672
0.124658
0.124644
0.124629
0.124615
0.124601
0.124587
0.124573
0.124558
0.124544
0.12453
0.124516
0.124616
0.124601
0.124587
0.124573
0.124673
0.124658
0.124644
0.12463
0.124616
0.124602
0.124588
0.124573
0.124559
0.124545
0.124531
0.124517
0.124503
0.124488
0.124474
0.12446
0.124446
0.124432
0.124418
0.124404
0.124503
0.124489
0.124475
0.124461
0.12456
0.124546
0.124532
0.124518
0.124503
0.124489
0.124475
0.124461
0.124447
0.124433
0.124419
0.124405
0.124504
0.12449
0.124589
0.124575
0.124561
0.124547
0.124533
0.124518
0.124504
0.12449
0.124476
0.124462
0.124561
0.124547
0.124533
0.124519
0.124505
0.124491
0.12459
0.124576
0.124675
0.124661
0.124647
0.124632
0.124618
0.124604
0.12459
0.124576
0.124562
0.124548
0.124647
0.124633
0.124619
0.124605
0.124591
0.124576
0.124562
0.124548
0.124534
0.12452
0.124506
0.124492
0.124591
0.124577
0.124676
0.124662
0.124647
0.124633
0.124732
0.124718
0.124704
0.12469
0.124676
0.124662
0.124648
0.124634
0.12462
0.124606
0.124592
0.124578
0.124564
0.12455
0.124536
0.124522
0.124507
0.124493
0.124479
0.124465
0.124564
0.12455
0.124536
0.124522
0.124508
0.124494
0.124592
0.124578
0.124564
0.12455
0.124536
0.124522
0.124508
0.124494
0.12448
0.124466
0.124452
0.124438
0.124424
0.124411
0.124397
0.124383
0.124369
0.124355
0.124341
0.124327
0.124313
0.124299
0.124285
0.124271
0.124257
0.124243
0.124229
0.124215
0.124201
0.124187
0.124286
0.124272
0.124258
0.124244
0.12423
0.124216
0.124314
0.1243
0.124286
0.124272
0.12437
0.124356
0.124342
0.124329
0.124315
0.124301
0.124287
0.124273
0.124371
0.124357
0.124343
0.124329
0.124315
0.124301
0.124287
0.124274
0.12426
0.124246
0.124344
0.12433
0.124316
0.124302
0.124288
0.124274
0.12426
0.124246
0.124233
0.124219
0.124205
0.124191
0.124289
0.124275
0.124261
0.124247
0.124233
0.124219
0.124317
0.124303
0.124401
0.124387
0.124373
0.124359
0.124345
0.124332
0.124318
0.124304
0.12429
0.124276
0.124262
0.124248
0.124235
0.124221
0.124207
0.124193
0.124179
0.124166
0.124152
0.124138
0.124124
0.12411
0.124097
0.124083
0.124069
0.124055
0.124041
0.124028
0.124125
0.124111
0.124208
0.124195
0.124181
0.124167
0.124153
0.124139
0.124237
0.124223
0.124209
0.124195
0.124293
0.124279
0.124376
0.124362
0.124348
0.124335
0.124321
0.124307
0.124293
0.124279
0.124266
0.124252
0.124238
0.124224
0.124211
0.124197
0.124183
0.124169
0.124266
0.124252
0.124239
0.124225
0.124211
0.124197
0.124184
0.12417
0.124156
0.124143
0.124129
0.124115
0.124212
0.124198
0.124295
0.124281
0.124268
0.124254
0.12424
0.124226
0.124323
0.124309
0.124296
0.124282
0.124268
0.124254
0.124241
0.124227
0.124213
0.1242
0.124296
0.124283
0.124269
0.124255
0.124241
0.124228
0.124214
0.1242
0.124297
0.124283
0.124269
0.124256
0.124242
0.124228
0.124215
0.124201
0.124187
0.124174
0.12416
0.124146
0.124133
0.124119
0.124105
0.124092
0.124078
0.124064
0.124051
0.124037
0.124023
0.12401
0.123996
0.123982
0.124079
0.124065
0.124051
0.124038
0.124024
0.124011
0.123997
0.123983
0.12397
0.123956
0.123942
0.123929
0.124025
0.124011
0.123998
0.123984
0.123971
0.123957
0.124053
0.12404
0.124026
0.124012
0.123999
0.123985
0.123971
0.123958
0.123944
0.123931
0.123917
0.123904
0.12389
0.123876
0.123863
0.123849
0.123836
0.123822
0.123918
0.123904
0.123891
0.123877
0.123864
0.12385
0.123946
0.123933
0.123919
0.123905
0.124001
0.123988
0.123974
0.123961
0.123947
0.123933
0.12392
0.123906
0.123893
0.123879
0.123866
0.123852
0.123839
0.123825
0.123921
0.123907
0.123894
0.12388
0.123867
0.123853
0.123949
0.123935
0.123922
0.123908
0.124004
0.12399
0.123977
0.123963
0.12395
0.123936
0.123923
0.123909
0.123896
0.123882
0.123869
0.123855
0.123951
0.123937
0.123924
0.12391
0.123897
0.123883
0.12387
0.123856
0.123952
0.123938
0.123925
0.123911
0.123898
0.123884
0.12398
0.123966
0.123953
0.123939
0.123926
0.123912
0.123899
0.123885
0.123872
0.123858
0.123845
0.123831
0.123927
0.123913
0.1239
0.123886
0.123981
0.123968
0.123954
0.123941
0.123927
0.123914
0.124009
0.123996
0.123982
0.123969
0.123955
0.123942
0.123928
0.123915
0.123901
0.123888
0.123875
0.123861
0.123956
0.123943
0.123929
0.123916
0.123902
0.123889
0.123984
0.123971
0.123957
0.123944
0.12393
0.123917
0.123903
0.12389
0.123877
0.123863
0.12385
0.123836
0.123931
0.123918
0.124013
0.123999
0.123986
0.123972
0.123959
0.123945
0.123932
0.123919
0.123905
0.123892
0.123879
0.123865
0.123852
0.123838
0.123825
0.123812
0.123906
0.123893
0.123879
0.123866
0.123853
0.123839
0.123826
0.123813
0.123799
0.123786
0.123773
0.123759
0.123746
0.123732
0.123719
0.123706
0.123692
0.123679
0.123666
0.123652
0.123747
0.123734
0.12372
0.123707
0.123801
0.123788
0.123882
0.123869
0.123856
0.123842
0.123829
0.123816
0.123802
0.123789
0.123776
0.123762
0.123857
0.123843
0.12383
0.123817
0.123803
0.12379
0.123777
0.123763
0.12375
0.123737
0.123724
0.12371
0.123697
0.123684
0.12367
0.123657
0.123644
0.123631
0.123725
0.123711
0.123698
0.123685
0.123671
0.123658
0.123645
0.123632
0.123726
0.123712
0.123699
0.123686
0.12378
0.123767
0.123753
0.12374
0.123727
0.123714
0.1237
0.123687
0.123674
0.123661
0.123647
0.123634
0.123621
0.123608
0.123701
0.123688
0.123675
0.123662
0.123755
0.123742
0.123836
0.123823
0.12381
0.123796
0.123783
0.12377
0.123864
0.12385
0.123837
0.123824
0.123811
0.123797
0.123784
0.123771
0.123758
0.123744
0.123731
0.123718
0.123705
0.123692
0.123678
0.123665
0.123652
0.123639
0.123625
0.123612
0.123599
0.123586
0.123679
0.123666
0.123653
0.12364
0.123627
0.123613
0.123707
0.123694
0.123681
0.123667
0.123654
0.123641
0.123628
0.123615
0.123601
0.123588
0.123575
0.123562
0.123549
0.123536
0.123629
0.123616
0.123603
0.12359
0.123576
0.123563
0.123656
0.123643
0.12363
0.123617
0.123604
0.123591
0.123684
0.123671
0.123658
0.123644
0.123631
0.123618
0.123605
0.123592
0.123579
0.123566
0.123659
0.123646
0.123632
0.123619
0.123606
0.123593
0.123686
0.123673
0.123766
0.123753
0.12374
0.123727
0.123714
0.1237
0.123687
0.123674
0.123661
0.123648
0.123741
0.123728
0.123821
0.123808
0.123794
0.123781
0.123874
0.123861
0.123954
0.123941
0.123928
0.123914
0.123901
0.123888
0.123875
0.123862
0.123849
0.123836
0.123823
0.12381
0.123796
0.123783
0.12377
0.123757
0.123744
0.123731
0.123718
0.123705
0.123692
0.123679
0.123771
0.123758
0.123851
0.123838
0.123825
0.123812
0.123904
0.123891
0.123878
0.123865
0.123852
0.123839
0.123931
0.123918
0.123905
0.123892
0.123879
0.123866
0.123958
0.123945
0.123932
0.123919
0.123906
0.123893
0.12388
0.123867
0.123854
0.123841
0.123828
0.123815
0.123907
0.123894
0.123881
0.123868
0.123855
0.123842
0.123934
0.123921
0.123908
0.123895
0.123882
0.123869
0.123856
0.123843
0.12383
0.123817
0.123804
0.12379
0.123777
0.123764
0.123857
0.123844
0.123831
0.123818
0.123805
0.123792
0.123778
0.123765
0.123752
0.123739
0.123832
0.123819
0.123806
0.123793
0.12378
0.123767
0.123754
0.123741
0.123728
0.123715
0.123702
0.123689
0.123781
0.123768
0.123755
0.123742
0.123729
0.123716
0.123808
0.123795
0.123782
0.123769
0.123756
0.123743
0.12373
0.123717
0.123809
0.123796
0.123783
0.12377
0.123861
0.123848
0.123835
0.123822
0.12381
0.123797
0.123784
0.123771
0.123758
0.123745
0.123732
0.123719
0.123706
0.123693
0.12368
0.123667
0.123654
0.123641
0.123628
0.123615
0.123603
0.12359
0.123577
0.123564
0.123551
0.123538
0.123525
0.123512
0.123499
0.123486
0.123474
0.123461
0.123448
0.123435
0.123422
0.123409
0.123501
0.123488
0.123475
0.123462
0.123449
0.123436
0.123423
0.12341
0.123398
0.123385
0.123372
0.123359
0.123346
0.123333
0.123425
0.123412
0.123399
0.123386
0.123373
0.12336
0.123348
0.123335
0.123322
0.123309
0.123296
0.123283
0.123375
0.123362
0.123349
0.123336
0.123323
0.12331
0.123402
0.123389
0.123376
0.123363
0.123454
0.123441
0.123429
0.123416
0.123403
0.12339
0.123481
0.123468
0.123559
0.123547
0.123534
0.123521
0.123508
0.123495
0.123482
0.12347
0.123457
0.123444
0.123431
0.123418
0.123509
0.123496
0.123484
0.123471
0.123458
0.123445
0.123536
0.123523
0.123511
0.123498
0.123485
0.123472
0.123459
0.123447
0.123434
0.123421
0.123408
0.123395
0.123486
0.123473
0.123461
0.123448
0.123435
0.123422
0.12341
0.123397
0.123384
0.123371
0.123358
0.123346
0.123333
0.12332
0.123307
0.123295
0.123385
0.123373
0.123463
0.12345
0.123438
0.123425
0.123412
0.123399
0.123387
0.123374
0.123361
0.123348
0.123439
0.123426
0.123413
0.123401
0.123388
0.123375
0.123363
0.12335
0.12344
0.123428
0.123415
0.123402
0.123389
0.123377
0.123364
0.123351
0.123338
0.123326
0.123313
0.1233
0.123288
0.123275
0.123262
0.12325
0.123237
0.123224
0.123212
0.123199
0.123186
0.123173
0.123264
0.123251
0.123341
0.123329
0.123316
0.123303
0.12329
0.123278
0.123265
0.123252
0.12324
0.123227
0.123214
0.123202
0.123292
0.123279
0.123267
0.123254
0.123241
0.123229
0.123319
0.123306
0.123293
0.123281
0.123371
0.123358
0.123345
0.123333
0.12332
0.123307
0.123397
0.123385
0.123372
0.123359
0.123347
0.123334
0.123321
0.123309
0.123296
0.123283
0.123271
0.123258
0.123246
0.123233
0.12322
0.123208
0.123195
0.123182
0.123272
0.12326
0.123349
0.123337
0.123324
0.123312
0.123299
0.123286
0.123274
0.123261
0.123248
0.123236
0.123223
0.123211
0.1233
0.123288
0.123275
0.123262
0.12325
0.123237
0.123327
0.123314
0.123302
0.123289
0.123379
0.123366
0.123353
0.123341
0.123328
0.123316
0.123303
0.12329
0.123278
0.123265
0.123253
0.12324
0.12333
0.123317
0.123304
0.123292
0.123279
0.123267
0.123254
0.123242
0.123331
0.123318
0.123306
0.123293
0.123281
0.123268
0.123357
0.123345
0.123332
0.12332
0.123307
0.123295
0.123282
0.12327
0.123257
0.123244
0.123232
0.123219
0.123309
0.123296
0.123283
0.123271
0.12336
0.123348
0.123335
0.123322
0.12331
0.123297
0.123387
0.123374
0.123361
0.123349
0.123336
0.123324
0.123311
0.123299
0.123286
0.123274
0.123261
0.123249
0.123338
0.123325
0.123313
0.1233
0.123288
0.123275
0.123364
0.123352
0.123441
0.123428
0.123415
0.123403
0.12339
0.123378
0.123365
0.123353
0.12334
0.123328
0.123315
0.123303
0.123392
0.123379
0.123367
0.123354
0.123342
0.123329
0.123317
0.123304
0.123292
0.123279
0.123267
0.123254
0.123343
0.123331
0.123318
0.123306
0.123394
0.123382
0.123369
0.123357
0.123344
0.123332
0.12332
0.123307
0.123295
0.123282
0.12327
0.123257
0.123245
0.123232
0.123321
0.123308
0.123296
0.123284
0.123271
0.123259
0.123347
0.123335
0.123322
0.12331
0.123297
0.123285
0.123272
0.12326
0.123248
0.123235
0.123223
0.12321
0.123198
0.123185
0.123173
0.123161
0.123249
0.123237
0.123224
0.123212
0.123199
0.123187
0.123275
0.123263
0.123351
0.123339
0.123326
0.123314
0.123301
0.123289
0.123277
0.123264
0.123252
0.123239
0.123328
0.123315
0.123303
0.12329
0.123278
0.123266
0.123253
0.123241
0.123329
0.123317
0.123304
0.123292
0.123279
0.123267
0.123255
0.123242
0.12323
0.123218
0.123205
0.123193
0.12318
0.123168
0.123156
0.123143
0.123131
0.123119
0.123207
0.123194
0.123182
0.12317
0.123157
0.123145
0.123233
0.12322
0.123208
0.123196
0.123183
0.123171
0.123159
0.123146
0.123134
0.123122
0.123109
0.123097
0.123085
0.123072
0.12306
0.123048
0.123035
0.123023
0.123011
0.122998
0.122986
0.122974
0.122961
0.122949
0.122937
0.122925
0.122912
0.1229
